xof 0303txt 0032
template ColorRGBA {
 <35ff44e0-6c7c-11cf-8f52-0040333594a3>
 FLOAT red;
 FLOAT green;
 FLOAT blue;
 FLOAT alpha;
}

template ColorRGB {
 <d3e16e81-7835-11cf-8f52-0040333594a3>
 FLOAT red;
 FLOAT green;
 FLOAT blue;
}

template Material {
 <3d82ab4d-62da-11cf-ab39-0020af71e433>
 ColorRGBA faceColor;
 FLOAT power;
 ColorRGB specularColor;
 ColorRGB emissiveColor;
 [...]
}

template TextureFilename {
 <a42790e1-7810-11cf-8f52-0040333594a3>
 STRING filename;
}

template Frame {
 <3d82ab46-62da-11cf-ab39-0020af71e433>
 [...]
}

template Matrix4x4 {
 <f6f23f45-7686-11cf-8f52-0040333594a3>
 array FLOAT matrix[16];
}

template FrameTransformMatrix {
 <f6f23f41-7686-11cf-8f52-0040333594a3>
 Matrix4x4 frameMatrix;
}

template Vector {
 <3d82ab5e-62da-11cf-ab39-0020af71e433>
 FLOAT x;
 FLOAT y;
 FLOAT z;
}

template MeshFace {
 <3d82ab5f-62da-11cf-ab39-0020af71e433>
 DWORD nFaceVertexIndices;
 array DWORD faceVertexIndices[nFaceVertexIndices];
}

template Mesh {
 <3d82ab44-62da-11cf-ab39-0020af71e433>
 DWORD nVertices;
 array Vector vertices[nVertices];
 DWORD nFaces;
 array MeshFace faces[nFaces];
 [...]
}

template MeshMaterialList {
 <f6f23f42-7686-11cf-8f52-0040333594a3>
 DWORD nMaterials;
 DWORD nFaceIndexes;
 array DWORD faceIndexes[nFaceIndexes];
 [Material <3d82ab4d-62da-11cf-ab39-0020af71e433>]
}

template VertexElement {
 <f752461c-1e23-48f6-b9f8-8350850f336f>
 DWORD Type;
 DWORD Method;
 DWORD Usage;
 DWORD UsageIndex;
}

template DeclData {
 <bf22e553-292c-4781-9fea-62bd554bdd93>
 DWORD nElements;
 array VertexElement Elements[nElements];
 DWORD nDWords;
 array DWORD data[nDWords];
}

template XSkinMeshHeader {
 <3cf169ce-ff7c-44ab-93c0-f78f62d172e2>
 WORD nMaxSkinWeightsPerVertex;
 WORD nMaxSkinWeightsPerFace;
 WORD nBones;
}

template SkinWeights {
 <6f0d123b-bad2-4167-a0d0-80224f25fabb>
 STRING transformNodeName;
 DWORD nWeights;
 array DWORD vertexIndices[nWeights];
 array FLOAT weights[nWeights];
 Matrix4x4 matrixOffset;
}

template AnimTicksPerSecond {
 <9e415a43-7ba6-4a73-8743-b73d47e88476>
 DWORD AnimTicksPerSecond;
}

template Animation {
 <3d82ab4f-62da-11cf-ab39-0020af71e433>
 [...]
}

template AnimationSet {
 <3d82ab50-62da-11cf-ab39-0020af71e433>
 [Animation <3d82ab4f-62da-11cf-ab39-0020af71e433>]
}

template FloatKeys {
 <10dd46a9-775b-11cf-8f52-0040333594a3>
 DWORD nValues;
 array FLOAT values[nValues];
}

template TimedFloatKeys {
 <f406b180-7b3b-11cf-8f52-0040333594a3>
 DWORD time;
 FloatKeys tfkeys;
}

template AnimationKey {
 <10dd46a8-775b-11cf-8f52-0040333594a3>
 DWORD keyType;
 DWORD nKeys;
 array TimedFloatKeys keys[nKeys];
}


Material Material__255 {
 1.000000;1.000000;1.000000;1.000000;;
 10.000000;
 0.000000;0.000000;0.000000;;
 0.000000;0.000000;0.000000;;

 TextureFilename {
  "Dn_SerpentHole_d.tga";
 }
}

Frame root {
 

 FrameTransformMatrix {
  1.000000,0.000000,0.000000,0.000000,0.000000,1.000000,0.000000,0.000000,0.000000,0.000000,1.000000,0.000000,0.000000,0.000000,0.000000,1.000000;;
 }

 Frame Bone_SH_Root {
  

  FrameTransformMatrix {
   -1.000000,-0.000000,-0.000000,0.000000,-0.000000,1.000000,-0.000000,0.000000,0.000000,-0.000000,-1.000000,0.000000,0.000000,0.000000,0.000000,1.000000;;
  }

  Frame Bone_SH_Base {
   

   FrameTransformMatrix {
    -1.000000,0.000000,-0.000000,0.000000,0.000000,1.000000,0.000000,0.000000,0.000000,0.000000,-1.000000,0.000000,0.059418,0.000000,-0.000000,1.000000;;
   }

   Frame Bone_SH_001 {
    

    FrameTransformMatrix {
     -0.094161,-0.000001,0.995557,0.000000,-0.144021,0.989481,-0.013620,0.000000,-0.985085,-0.144664,-0.093170,0.000000,40.404998,35.000048,-41.133674,1.000000;;
    }
   }

   Frame Bone_SH_002 {
    

    FrameTransformMatrix {
     0.550005,-0.000000,0.835161,0.000000,-0.120822,0.989480,0.079569,0.000000,-0.826376,-0.144669,0.544219,0.000000,32.247283,35.000022,-67.658746,1.000000;;
    }
   }

   Frame Bone_SH_003 {
    

    FrameTransformMatrix {
     0.982548,0.000000,0.186008,0.000000,0.027717,0.988835,-0.146411,0.000000,-0.183931,0.149012,0.971579,0.000000,9.070465,34.999984,-82.252877,1.000000;;
    }
   }

   Frame Bone_SH_004 {
    

    FrameTransformMatrix {
     0.995922,-0.000001,-0.090215,0.000000,-0.031268,0.938012,-0.345191,0.000000,0.084623,0.346604,0.934187,0.000000,-19.158722,35.000045,-83.619072,1.000000;;
    }
   }

   Frame Bone_SH_005 {
    

    FrameTransformMatrix {
     0.862917,-0.000000,-0.505346,0.000000,-0.122418,0.970215,-0.209038,0.000000,0.490294,0.242246,0.837215,0.000000,-45.975066,34.999968,-75.165139,1.000000;;
    }
   }

   Frame Bone_SH_006 {
    

    FrameTransformMatrix {
     0.508189,-0.000000,-0.861246,0.000000,-0.217428,0.967608,-0.128296,0.000000,0.833348,0.252458,0.491728,0.000000,-65.777498,35.000093,-55.318298,1.000000;;
    }
   }

   Frame Bone_SH_007 {
    

    FrameTransformMatrix {
     0.090312,-0.000000,-0.995914,0.000000,-0.402760,0.914577,-0.036524,0.000000,0.910839,0.404412,0.082597,0.000000,-73.926483,34.999968,-28.430083,1.000000;;
    }
   }

   Frame Bone_SH_008 {
    

    FrameTransformMatrix {
     -0.160591,-0.000000,-0.987021,0.000000,-0.510891,0.855618,0.083123,0.000000,0.844512,0.517609,-0.137405,0.000000,-72.944672,35.000000,-0.174725,1.000000;;
    }
   }

   Frame Bone_SH_009 {
    

    FrameTransformMatrix {
     -0.448206,-0.000001,-0.893930,0.000000,-0.480931,0.842947,0.241132,0.000000,0.753536,0.537996,-0.377814,0.000000,-64.138643,35.000122,26.651821,1.000000;;
    }
   }

   Frame Bone_SH_010 {
    

    FrameTransformMatrix {
     -0.668728,-0.000001,-0.743507,0.000000,-0.427256,0.818400,0.384283,0.000000,0.608486,0.574649,-0.547287,0.000000,-48.061920,35.000122,49.884803,1.000000;;
    }
   }

   Frame Bone_SH_011 {
    

    FrameTransformMatrix {
     -0.805637,-0.000001,-0.592409,0.000000,-0.328010,0.832724,0.446071,0.000000,0.493313,0.553688,-0.670873,0.000000,-27.246003,34.999939,69.048928,1.000000;;
    }
   }

   Frame Bone_SH_012 {
    

    FrameTransformMatrix {
     -0.954054,-0.000001,-0.299635,0.000000,-0.162645,0.839855,0.517870,0.000000,0.251650,0.542810,-0.801267,0.000000,-2.141541,35.000243,81.898458,1.000000;;
    }
   }

   Frame Bone_SH_013 {
    

    FrameTransformMatrix {
     -0.996964,-0.000000,-0.077859,0.000000,-0.044453,0.820993,0.569205,0.000000,0.063922,0.570938,-0.818501,0.000000,25.651733,35.000000,87.145965,1.000000;;
    }
   }

   Frame Bone_SH_014 {
    

    FrameTransformMatrix {
     -0.984948,-0.000001,0.172850,0.000000,0.096386,0.830088,0.549239,0.000000,-0.143481,0.557632,-0.817593,0.000000,53.888397,35.000000,85.899770,1.000000;;
    }
   }

   Frame Bone_SH_015 {
    

    FrameTransformMatrix {
     -0.901642,0.000000,0.432484,0.000000,0.249087,0.817489,0.519296,0.000000,-0.353551,0.575945,-0.737082,0.000000,80.816973,35.000000,77.347763,1.000000;;
    }
   }

   Frame Bone_SH_016 {
    

    FrameTransformMatrix {
     -0.773730,0.003217,0.633507,0.000000,0.404882,0.771621,0.490582,0.000000,-0.487249,0.636074,-0.598329,0.000000,104.493216,34.986512,61.897958,1.000000;;
    }
   }

   Frame Bone_SH_017 {
    

    FrameTransformMatrix {
     -0.666323,0.003198,0.745656,0.000000,0.496185,0.748357,0.440184,0.000000,-0.556610,0.663288,-0.500235,0.000000,124.953062,34.860717,42.324512,1.000000;;
    }
   }

   Frame Bone_SH_018 {
    

    FrameTransformMatrix {
     -0.512097,-0.009645,0.858873,0.000000,0.554457,0.759981,0.339125,0.000000,-0.655999,0.649873,-0.383837,0.000000,141.828902,34.922394,19.607021,1.000000;;
    }
   }

   Frame Bone_SH_019 {
    

    FrameTransformMatrix {
     -0.311582,-0.050051,0.948900,0.000000,0.653834,0.713327,0.252319,0.000000,-0.689505,0.699042,-0.189535,0.000000,153.254605,35.809968,-6.244810,1.000000;;
    }
   }

   Frame Bone_SH_020 {
    

    FrameTransformMatrix {
     -0.217906,-0.037946,0.975232,0.000000,0.739773,0.645353,0.190406,0.000000,-0.636594,0.762941,-0.112555,0.000000,160.601702,37.183197,-33.572848,1.000000;;
    }
   }

   Frame Bone_SH_021 {
    

    FrameTransformMatrix {
     -0.174042,0.061468,0.982818,0.000000,0.741588,0.664826,0.089744,0.000000,-0.647887,0.744465,-0.161291,0.000000,166.054963,37.224733,-61.372787,1.000000;;
    }
   }

   Frame Bone_SH_022 {
    

    FrameTransformMatrix {
     0.082370,0.199942,0.976339,0.000000,0.875467,0.453599,-0.166751,0.000000,-0.476207,0.868488,-0.137679,0.000000,166.923059,34.008163,-89.398035,1.000000;;
    }
   }

   Frame Bone_SH_023 {
    

    FrameTransformMatrix {
     -0.217026,0.519301,0.826575,0.000000,0.971549,0.197166,0.131220,0.000000,-0.094830,0.831536,-0.547317,0.000000,168.005709,23.564011,-115.380096,1.000000;;
    }
   }

   Frame Bone_SH_024 {
    

    FrameTransformMatrix {
     -0.341150,0.681367,0.647577,0.000000,0.929093,0.139728,0.342437,0.000000,0.142840,0.718481,-0.680721,0.000000,176.085850,6.285721,-136.225754,1.000000;;
    }
   }

   Frame Bone_SH_025 {
    

    FrameTransformMatrix {
     -0.657327,-0.000001,0.753606,0.000000,-0.109020,0.989481,-0.095090,0.000000,-0.745678,-0.144664,-0.650413,0.000000,28.865082,35.000048,-15.794526,1.000000;;
    }
   }

   Frame Bone_SH_026 {
    

    FrameTransformMatrix {
     0.909258,-0.000001,-0.416233,0.000000,0.060215,0.989481,0.131537,0.000000,0.411854,-0.144664,0.899694,0.000000,-15.940216,35.000048,-56.945024,1.000000;;
    }
   }

   Frame Bone_SH_027 {
    

    FrameTransformMatrix {
     0.448271,-0.000000,-0.893898,0.000000,0.129320,0.989480,0.064851,0.000000,0.884494,-0.144670,0.443555,0.000000,-34.832733,35.000022,-36.617747,1.000000;;
    }
   }

   Frame Bone_SH_028 {
    

    FrameTransformMatrix {
     -0.330186,0.000000,-0.943916,0.000000,-0.140655,0.988835,0.049202,0.000000,0.933378,0.149012,-0.326499,0.000000,-35.883149,34.999984,-9.248913,1.000000;;
    }
   }

   Frame Bone_SH_029 {
    

    FrameTransformMatrix {
     -0.576091,-0.000000,-0.817385,0.000000,-0.283309,0.938012,0.199675,0.000000,0.766717,0.346604,-0.540381,0.000000,-22.951752,35.000045,15.881323,1.000000;;
    }
   }

   Frame Bone_SH_030 {
    

    FrameTransformMatrix {
     -0.869103,-0.000000,-0.494631,0.000000,-0.119822,0.970215,0.210537,0.000000,0.479898,0.242246,-0.843217,0.000000,-2.222260,34.999968,34.878064,1.000000;;
    }
   }

   Frame Bone_SH_031 {
    

    FrameTransformMatrix {
     -0.999955,0.000000,-0.009482,0.000000,-0.002394,0.967608,0.252447,0.000000,0.009174,0.252458,-0.967564,0.000000,24.866851,35.000093,42.104006,1.000000;;
    }
   }

   Frame Bone_SH_032 {
    

    FrameTransformMatrix {
     -0.907642,-0.000000,0.419746,0.000000,0.169750,0.914577,0.367061,0.000000,-0.383890,0.404412,-0.830108,0.000000,52.227203,34.999968,35.717117,1.000000;;
    }
   }

   Frame Bone_SH_033 {
    

    FrameTransformMatrix {
     -0.774490,-0.000000,0.632586,0.000000,0.327432,0.855618,0.400883,0.000000,-0.541252,0.517609,-0.662667,0.000000,76.206144,35.000000,20.739130,1.000000;;
    }
   }

   Frame Bone_SH_034 {
    

    FrameTransformMatrix {
     -0.550063,-0.000001,0.835123,0.000000,0.449292,0.842948,0.295932,0.000000,-0.703965,0.537996,-0.463674,0.000000,95.035552,35.000122,-0.300357,1.000000;;
    }
   }

   Frame Bone_SH_035 {
    

    FrameTransformMatrix {
     -0.309534,-0.000000,0.950889,0.000000,0.546427,0.818400,0.177874,0.000000,-0.778207,0.574649,-0.253322,0.000000,107.117587,35.000122,-25.839672,1.000000;;
    }
   }

   Frame Bone_SH_036 {
    

    FrameTransformMatrix {
     -0.110226,-0.000000,0.993907,0.000000,0.550315,0.832724,0.061031,0.000000,-0.827650,0.553689,-0.091787,0.000000,113.306214,34.999939,-53.448867,1.000000;;
    }
   }

   Frame Bone_SH_037 {
    

    FrameTransformMatrix {
     0.217539,-0.000000,0.976052,0.000000,0.529811,0.839855,-0.118082,0.000000,-0.819742,0.542811,0.182701,0.000000,111.882022,35.000243,-81.614746,1.000000;;
    }
   }

   Frame Bone_SH_038 {
    

    FrameTransformMatrix {
     0.431054,-0.000000,0.902326,0.000000,0.515173,0.820993,-0.246105,0.000000,-0.740803,0.570938,0.353893,0.000000,102.529843,35.000000,-108.308173,1.000000;;
    }
   }

   Frame Bone_SH_039 {
    

    FrameTransformMatrix {
     0.642165,-0.000000,0.766567,0.000000,0.427462,0.830088,-0.358091,0.000000,-0.636318,0.557632,0.533053,0.000000,87.332339,35.000000,-132.138714,1.000000;;
    }
   }

   Frame Bone_SH_040 {
    

    FrameTransformMatrix {
     0.825365,0.000000,0.564600,0.000000,0.325178,0.817488,-0.475365,0.000000,-0.461554,0.575945,0.674726,0.000000,66.461792,35.000000,-151.183526,1.000000;;
    }
   }

   Frame Bone_SH_041 {
    

    FrameTransformMatrix {
     0.935501,0.003217,0.353310,0.000000,0.222411,0.771622,-0.595931,0.000000,-0.274539,0.636074,0.721137,0.000000,41.243699,34.986512,-163.962842,1.000000;;
    }
   }

   Frame Bone_SH_042 {
    

    FrameTransformMatrix {
     0.978921,0.003198,0.204215,0.000000,0.133112,0.748359,-0.649800,0.000000,-0.154904,0.663287,0.732158,0.000000,14.062698,34.860717,-171.894899,1.000000;;
    }
   }

   Frame Bone_SH_043 {
    

    FrameTransformMatrix {
     0.999855,-0.009645,0.014063,0.000000,0.016469,0.759981,-0.649737,0.000000,-0.004421,0.649874,0.760029,0.000000,-14.049163,34.922394,-175.151078,1.000000;;
    }
   }

   Frame Bone_SH_044 {
    

    FrameTransformMatrix {
     0.977561,-0.050051,-0.204620,0.000000,-0.108407,0.713327,-0.692396,0.000000,0.180616,0.699042,0.691895,0.000000,-42.150362,35.809968,-172.120077,1.000000;;
    }
   }

   Frame Bone_SH_045 {
    

    FrameTransformMatrix {
     0.953525,-0.037946,-0.298917,0.000000,-0.205000,0.645354,-0.735862,0.000000,0.220830,0.762941,0.607582,0.000000,-69.490720,37.183197,-164.818880,1.000000;;
    }
   }

   Frame Bone_SH_046 {
    

    FrameTransformMatrix {
     0.938170,0.061468,-0.340675,0.000000,-0.293067,0.664826,-0.687109,0.000000,0.184255,0.744465,0.641733,0.000000,-96.292787,37.224733,-155.641562,1.000000;;
    }
   }

   Frame Bone_SH_047 {
    

    FrameTransformMatrix {
     0.804351,0.199941,-0.559503,0.000000,-0.582142,0.453600,-0.674802,0.000000,0.118870,0.868488,0.481248,0.000000,-120.997376,34.008163,-142.380723,1.000000;;
    }
   }

   Frame Bone_SH_048 {
    

    FrameTransformMatrix {
     0.824347,0.519302,-0.225339,0.000000,-0.372138,0.197167,-0.906994,0.000000,-0.426574,0.831535,0.355786,0.000000,-144.039808,23.564011,-130.327283,1.000000;;
    }
   }

   Frame Bone_SH_049 {
    

    FrameTransformMatrix {
     0.731391,0.681369,-0.028345,0.000000,-0.167990,0.139728,-0.975836,0.000000,-0.660943,0.718479,0.216659,0.000000,-166.132787,6.285721,-126.902067,1.000000;;
    }
   }

   Frame Bone_SH_050 {
    

    FrameTransformMatrix {
     0.981305,-0.000001,0.192460,0.000000,-0.027841,0.989481,0.141961,0.000000,-0.190436,-0.144665,0.970982,0.000000,11.774139,35.000048,-59.620768,1.000000;;
    }
   }

   Frame Bone_SH_051 {
    

    FrameTransformMatrix {
     -0.815098,-0.000001,-0.579323,0.000000,0.083807,0.989481,-0.117916,0.000000,0.573229,-0.144665,-0.806524,0.000000,-1.460602,35.000048,-0.243009,1.000000;;
    }
   }

   Frame Bone_SH_052 {
    

    FrameTransformMatrix {
     -0.998274,-0.000000,0.058735,0.000000,-0.008497,0.989480,-0.144420,0.000000,-0.058117,-0.144670,-0.987772,0.000000,25.589570,35.000022,5.954789,1.000000;;
    }
   }

   Frame Bone_SH_053 {
    

    FrameTransformMatrix {
     -0.652363,0.000000,0.757907,0.000000,0.112938,0.988835,0.097210,0.000000,-0.749445,0.149012,-0.645079,0.000000,49.816925,34.999984,-6.819911,1.000000;;
    }
   }

   Frame Bone_SH_054 {
    

    FrameTransformMatrix {
     -0.419825,-0.000001,0.907605,0.000000,0.314579,0.938012,0.145514,0.000000,-0.851344,0.346604,-0.393801,0.000000,65.114592,35.000045,-30.583962,1.000000;;
    }
   }

   Frame Bone_SH_055 {
    

    FrameTransformMatrix {
     0.006191,0.000000,0.999981,0.000000,0.242241,0.970215,-0.001500,0.000000,-0.970196,0.242246,0.006007,0.000000,71.201510,34.999968,-58.034637,1.000000;;
    }
   }

   Frame Bone_SH_056 {
    

    FrameTransformMatrix {
     0.491761,0.000000,0.870731,0.000000,0.219823,0.967608,-0.124149,0.000000,-0.842526,0.252458,0.475831,0.000000,63.914822,35.000093,-85.107424,1.000000;;
    }
   }

   Frame Bone_SH_057 {
    

    FrameTransformMatrix {
     0.817332,-0.000000,0.576167,0.000000,0.233009,0.914577,-0.330539,0.000000,-0.526948,0.404412,0.747513,0.000000,44.703459,34.999968,-105.608736,1.000000;;
    }
   }

   Frame Bone_SH_058 {
    

    FrameTransformMatrix {
     0.935082,-0.000000,0.354432,0.000000,0.183457,0.855618,-0.484007,0.000000,-0.303258,0.517609,0.800072,0.000000,19.742706,35.000000,-118.886118,1.000000;;
    }
   }

   Frame Bone_SH_059 {
    

    FrameTransformMatrix {
     0.998269,-0.000000,0.058807,0.000000,0.031638,0.842947,-0.537065,0.000000,-0.049571,0.537996,0.841488,0.000000,-7.892792,35.000122,-124.673178,1.000000;;
    }
   }

   Frame Bone_SH_060 {
    

    FrameTransformMatrix {
     0.978261,-0.000000,-0.207379,0.000000,-0.119170,0.818400,-0.562156,0.000000,0.169719,0.574649,0.800609,0.000000,-36.051482,35.000122,-122.366848,1.000000;;
    }
   }

   Frame Bone_SH_061 {
    

    FrameTransformMatrix {
     0.915859,-0.000000,-0.401500,0.000000,-0.222306,0.832724,-0.507101,0.000000,0.334339,0.553689,0.762657,0.000000,-63.056058,34.999939,-113.921779,1.000000;;
    }
   }

   Frame Bone_SH_062 {
    

    FrameTransformMatrix {
     0.736515,-0.000000,-0.676421,0.000000,-0.367169,0.839855,-0.399789,0.000000,0.568095,0.542812,0.618566,0.000000,-86.736326,35.000243,-98.605440,1.000000;;
    }
   }

   Frame Bone_SH_063 {
    

    FrameTransformMatrix {
     0.565908,-0.000000,-0.824469,0.000000,-0.470721,0.820993,-0.323099,0.000000,0.676883,0.570939,0.464606,0.000000,-105.177491,35.000000,-77.159533,1.000000;;
    }
   }

   Frame Bone_SH_064 {
    

    FrameTransformMatrix {
     0.342791,-0.000000,-0.939412,0.000000,-0.523846,0.830088,-0.191151,0.000000,0.779795,0.557632,0.284547,0.000000,-118.216461,35.000000,-52.082784,1.000000;;
    }
   }

   Frame Bone_SH_065 {
    

    FrameTransformMatrix {
     0.076287,0.000000,-0.997086,0.000000,-0.574267,0.817488,-0.043937,0.000000,0.815106,0.575946,0.062364,0.000000,-124.274509,35.000000,-24.485952,1.000000;;
    }
   }

   Frame Bone_SH_066 {
    

    FrameTransformMatrix {
     -0.161769,0.003217,-0.986824,0.000000,-0.627297,0.771622,0.105347,0.000000,0.761794,0.636074,-0.122806,0.000000,-122.732723,34.986512,3.743186,1.000000;;
    }
   }

   Frame Bone_SH_067 {
    

    FrameTransformMatrix {
     -0.312598,0.003198,-0.949880,0.000000,-0.629302,0.748358,0.209618,0.000000,0.711521,0.663288,-0.231923,0.000000,-116.011571,34.860717,31.248678,1.000000;;
    }
   }

   Frame Bone_SH_068 {
    

    FrameTransformMatrix {
     -0.487760,-0.009645,-0.872924,0.000000,-0.570919,0.759981,0.310613,0.000000,0.660410,0.649873,-0.376195,0.000000,-104.775622,34.922394,57.222342,1.000000;;
    }
   }

   Frame Bone_SH_069 {
    

    FrameTransformMatrix {
     -0.665977,-0.050052,-0.744292,0.000000,-0.545435,0.713327,0.440074,0.000000,0.508897,0.699042,-0.502359,0.000000,-88.100064,35.809968,80.043187,1.000000;;
    }
   }

   Frame Bone_SH_070 {
    

    FrameTransformMatrix {
     -0.735623,-0.037946,-0.676328,0.000000,-0.534783,0.645353,0.545460,0.000000,0.415772,0.762941,-0.495030,0.000000,-68.106874,37.183197,100.070016,1.000000;;
    }
   }

   Frame Bone_SH_071 {
    

    FrameTransformMatrix {
     -0.764120,0.061468,-0.642139,0.000000,-0.448519,0.664825,0.597359,0.000000,0.463628,0.744466,-0.480437,0.000000,-46.758058,37.224733,118.692646,1.000000;;
    }
   }

   Frame Bone_SH_072 {
    

    FrameTransformMatrix {
     -0.886721,0.199940,-0.416833,0.000000,-0.293321,0.453600,0.841552,0.000000,0.357335,0.868488,-0.343570,0.000000,-22.921493,34.008163,133.457062,1.000000;;
    }
   }

   Frame Bone_SH_073 {
    

    FrameTransformMatrix {
     -0.607326,0.519305,-0.601230,0.000000,-0.599407,0.197165,0.775782,0.000000,0.521409,0.831534,0.191532,0.000000,-0.961693,23.564011,147.385677,1.000000;;
    }
   }

   Frame Bone_SH_074 {
    

    FrameTransformMatrix {
     -0.390243,0.681365,-0.619235,0.000000,-0.761106,0.139728,0.633398,0.000000,0.518100,0.718483,0.464063,0.000000,13.051062,6.285721,164.806106,1.000000;;
    }
   }

   Frame Bone_SH_075 {
    

    FrameTransformMatrix {
     -0.323979,-0.000001,-0.946064,0.000000,0.136861,0.989481,-0.046870,0.000000,0.936112,-0.144664,-0.320571,0.000000,-17.635040,35.000048,-22.906416,1.000000;;
    }
   }
  }

  Frame Bone_SH_Interactive {
   

   FrameTransformMatrix {
    1.000000,0.000000,0.000000,0.000000,0.000000,1.000000,0.000000,0.000000,0.000000,0.000000,1.000000,0.000000,0.000000,0.000000,0.000000,1.000000;;
   }
  }
 }

 Frame Dn_SerpentHole {
  

  FrameTransformMatrix {
   1.000000,0.000000,0.000000,0.000000,0.000000,1.000000,0.000000,0.000000,0.000000,0.000000,1.000000,0.000000,0.000000,0.000000,0.000000,1.000000;;
  }

  Mesh Dn_SerpentHole {
   4865;
   -284.414950;-6.512600;134.443098;,
   -319.979571;-6.002087;182.317709;,
   -319.893120;31.029216;182.263258;,
   -319.893120;31.029216;182.263258;,
   -283.665485;32.480522;134.947661;,
   -284.414950;-6.512600;134.443098;,
   -261.222989;-5.833000;171.985472;,
   -319.893120;31.029216;182.263258;,
   -319.979571;-6.002087;182.317709;,
   -261.222989;-5.833000;171.985472;,
   -259.793050;32.736714;171.396224;,
   -319.893120;31.029216;182.263258;,
   6.849274;104.122118;249.412890;,
   6.512634;102.346925;247.007744;,
   3.797089;102.322464;245.087872;,
   159.038707;14.577576;319.825382;,
   162.376384;8.255014;326.283520;,
   160.294016;9.715293;329.249690;,
   -161.074778;9.266170;329.201178;,
   -163.028365;7.549790;326.063539;,
   -160.379930;14.577576;319.825382;,
   241.276237;102.488211;-132.057741;,
   239.565235;103.557440;-134.836595;,
   240.077440;99.118560;-136.345472;,
   259.767629;-6.263046;171.194714;,
   283.112781;-6.512600;134.729933;,
   318.369382;-6.002087;182.666048;,
   282.363341;32.480522;135.234496;,
   318.108160;32.480531;182.695526;,
   318.369382;-6.002087;182.666048;,
   318.369382;-6.002087;182.666048;,
   283.112781;-6.512600;134.729933;,
   282.363341;32.480522;135.234496;,
   259.767629;-6.263046;171.194714;,
   318.369382;-6.002087;182.666048;,
   318.108160;32.480531;182.695526;,
   318.108160;32.480531;182.695526;,
   259.843200;32.480531;171.357325;,
   259.767629;-6.263046;171.194714;,
   -0.321030;-6.810959;-418.036378;,
   -33.744659;-8.637567;-339.879398;,
   -32.294083;33.524499;-340.530893;,
   -32.294083;33.524499;-340.530893;,
   -0.604843;31.658144;-418.047130;,
   -0.321030;-6.810959;-418.036378;,
   -0.321030;-6.810959;-418.036378;,
   -0.604843;31.658144;-418.047130;,
   30.397094;31.658157;-340.601011;,
   30.397094;31.658157;-340.601011;,
   32.442474;-8.637567;-339.592602;,
   -0.321030;-6.810959;-418.036378;,
   -236.901555;71.465792;-103.546912;,
   -232.357555;74.646509;-107.703757;,
   -232.037632;74.180678;-111.211546;,
   -237.493709;64.975590;-114.877261;,
   -246.843162;73.322003;-104.904717;,
   -247.117184;66.972800;-118.503962;,
   -235.335450;66.059526;-125.057331;,
   -251.988301;70.660544;-111.485632;,
   -256.925235;78.854067;-100.817587;,
   -257.938048;79.580979;-103.557734;,
   -249.243443;82.271533;-121.147302;,
   -253.285786;85.673299;-109.774771;,
   -238.160486;66.972800;-138.033971;,
   -247.053901;87.529920;-121.120512;,
   -244.570829;83.953056;-129.183744;,
   -255.465139;90.399110;-109.572877;,
   -229.031117;65.411565;-132.376294;,
   -227.709440;70.702374;-131.693965;,
   -220.163277;71.391635;-140.831296;,
   -222.523750;74.449075;-133.051072;,
   -219.728922;74.580352;-133.494784;,
   -228.670234;73.324198;-146.468608;,
   -236.916864;70.660544;-145.612096;,
   -231.683430;79.373747;-157.311706;,
   -235.822285;79.563430;-153.446874;,
   -241.937075;82.271533;-138.288576;,
   -234.980915;85.610976;-148.758490;,
   -239.676390;87.833555;-137.023219;,
   -237.610035;90.399104;-149.534682;,
   -242.571034;88.640058;-128.481562;,
   -240.478771;98.137274;-142.508275;,
   -245.976013;102.365210;-125.425203;,
   -234.787814;95.530381;-145.053005;,
   -234.583398;91.977376;-148.705229;,
   -230.951680;92.888128;-149.640986;,
   -229.116570;96.053114;-149.943066;,
   -235.080627;99.682432;-144.284800;,
   -241.354624;101.634650;-144.168269;,
   -234.348877;101.322528;-141.177459;,
   -236.320819;98.672800;-137.484851;,
   -229.095142;99.782106;-139.263629;,
   -234.358502;101.067213;-135.760819;,
   -240.765619;103.470304;-134.687155;,
   -241.379635;99.118560;-136.632307;,
   -243.687091;104.122054;-136.571686;,
   -239.362714;102.388115;-131.362125;,
   -242.578432;102.488211;-132.344576;,
   -244.153446;103.486771;-131.859661;,
   -246.201702;106.367200;-131.497754;,
   -246.728525;105.759898;-130.147776;,
   -244.050458;101.715398;-129.246784;,
   -246.285696;103.486771;-127.087552;,
   -247.905101;106.445299;-129.107149;,
   -243.113549;102.411725;-123.377690;,
   -246.182374;103.090317;-122.320358;,
   -247.990221;99.118560;-121.837094;,
   -245.460045;98.819898;-119.043994;,
   -242.911002;101.067213;-116.593536;,
   -242.375322;99.263040;-110.710874;,
   -247.400525;100.984282;-113.171072;,
   -251.766170;98.137274;-117.245709;,
   -253.634816;101.781427;-116.551091;,
   -250.245069;99.623053;-111.711270;,
   -250.037453;95.046125;-109.845798;,
   -252.556160;91.762042;-108.480090;,
   -250.294605;95.778605;-103.659162;,
   -250.829773;92.151072;-106.245389;,
   -333.352730;-8.278483;42.923101;,
   -344.706048;-8.185882;21.459973;,
   -343.334656;-6.811299;5.703967;,
   -322.832614;-8.580722;-23.912731;,
   -325.715251;-8.217964;56.401510;,
   -317.734579;-8.183798;71.612410;,
   26.232528;-10.128602;-31.924282;,
   -308.876467;-7.401310;75.517926;,
   -319.059917;-7.886698;-70.120102;,
   -284.414950;-6.512600;134.443098;,
   -319.979571;-6.002087;182.317709;,
   -261.222989;-5.833000;171.985472;,
   -218.106650;-6.055486;219.840947;,
   -181.786726;-7.690822;247.418573;,
   -161.958515;-8.572314;274.050253;,
   -180.004864;-7.286162;257.803494;,
   -109.862822;-8.671520;285.391718;,
   -145.204877;-8.185838;294.850330;,
   -134.217421;-7.850950;298.158566;,
   -84.983091;-7.886639;292.047846;,
   83.641875;-7.886639;292.047846;,
   -73.400467;-8.012526;311.591834;,
   72.059251;-8.012526;311.591834;,
   -49.414336;-7.929840;334.237926;,
   -77.192672;-7.574905;337.146368;,
   48.073120;-7.929840;334.237926;,
   75.851456;-7.574905;337.146368;,
   -30.144790;-7.856354;345.788646;,
   28.803574;-7.856354;345.788646;,
   -26.880266;-7.319984;353.835750;,
   25.539048;-7.319984;353.835750;,
   33.242387;-7.827140;359.782221;,
   20.742173;-7.844779;388.663142;,
   -22.083389;-7.844779;388.663142;,
   -34.543344;-7.902905;359.841664;,
   11.858124;-8.069724;417.238707;,
   -13.199341;-8.069724;417.238707;,
   -0.670609;-8.307473;471.02819;,
   108.521613;-8.671520;285.391718;,
   143.863667;-8.185838;294.850330;,
   132.876211;-7.850950;298.158566;,
   160.617293;-8.572314;274.050253;,
   180.445517;-7.690822;247.418573;,
   178.663654;-7.286162;257.803494;,
   216.765414;-6.055486;219.840947;,
   259.767629;-6.263046;171.194714;,
   283.112781;-6.512600;134.729933;,
   306.652954;-8.639110;75.804762;,
   332.050534;-8.278483;43.209933;,
   316.432435;-8.183798;71.899245;,
   342.032461;-7.782553;7.191913;,
   343.403878;-8.185882;21.746806;,
   321.530445;-8.580722;-23.625896;,
   317.626778;-7.886698;-69.833267;,
   248.969446;-7.886723;-223.789619;,
   330.343373;-8.012590;-88.709626;,
   221.911091;-8.329718;-250.325427;,
   271.538278;-8.012612;-221.187200;,
   148.806810;-7.984653;-303.273498;,
   88.527053;-6.055575;-329.372365;,
   32.442474;-8.637567;-339.592602;,
   -0.321030;-6.810959;-418.036378;,
   -33.744659;-8.637567;-339.879398;,
   -99.617997;-8.066354;-326.306509;,
   -150.108979;-7.984654;-304.308890;,
   292.572032;-7.574998;-234.722253;,
   301.999206;-7.929928;-208.525888;,
   341.767936;-7.929914;-119.518810;,
   355.755187;-7.574975;-95.343386;,
   317.011302;-8.336018;-197.223309;,
   344.673459;-8.919006;-142.562765;,
   348.647885;-10.019978;-148.178227;,
   326.553216;-9.572096;-198.403494;,
   329.503488;-9.081669;-209.642470;,
   359.444634;-8.863486;-209.103526;,
   382.095514;-7.844870;-169.901235;,
   359.471974;-9.592291;-142.958682;,
   389.158630;-8.069826;-211.709734;,
   407.078426;-8.069823;-191.407974;,
   429.56714;-7.788355;-218.646835;,
   437.19709;-8.601685;-212.911206;,
   -189.675200;-7.693585;-302.970752;,
   -160.890074;-9.105513;-308.433715;,
   -221.415782;-7.876206;-285.591347;,
   -215.492685;-7.271990;-295.469491;,
   -223.213261;-8.329718;-250.612250;,
   -250.271616;-7.886723;-224.076467;,
   -331.645542;-8.012590;-88.996461;,
   -272.840448;-8.012612;-221.474048;,
   -303.301402;-7.929928;-208.812723;,
   -293.874202;-7.574998;-235.009075;,
   -343.070106;-7.929914;-119.805645;,
   -357.057331;-7.574975;-95.630221;,
   -318.313472;-7.856442;-197.510144;,
   -345.975654;-7.856434;-144.115750;,
   -349.950080;-7.320066;-148.849242;,
   -327.855386;-7.320074;-198.738138;,
   -360.746829;-7.844877;-209.390362;,
   -330.805632;-6.960411;-208.950426;,
   -382.604646;-7.844870;-170.188070;,
   -360.115814;-7.827222;-144.282458;,
   -390.460774;-8.069826;-213.381094;,
   -408.380621;-8.069823;-191.694810;,
   -457.96630;-8.270896;-228.507341;,
   -217.639322;44.000710;-304.575565;,
   -219.973120;38.273850;-305.507866;,
   -219.357901;45.658413;-301.987123;,
   -216.963174;52.503290;-297.755238;,
   -208.762995;43.910829;-306.316416;,
   -197.156275;33.394912;-311.861888;,
   -201.978662;31.115386;-310.333491;,
   -191.915878;59.736371;-299.938176;,
   -214.603789;64.160870;-280.222106;,
   -173.254618;47.340995;-309.796506;,
   -174.537958;37.024822;-316.544256;,
   -188.879718;30.519398;-313.619686;,
   -183.948480;26.400955;-313.352115;,
   -176.764262;61.884179;-301.709645;,
   -175.298906;23.272158;-315.696973;,
   -186.871821;23.572037;-313.025562;,
   -158.040576;38.896323;-316.058035;,
   -197.333875;0.986356;-307.276134;,
   -199.388646;24.847346;-311.650867;,
   -158.718182;30.694282;-314.566579;,
   -209.675981;31.632832;-309.322624;,
   -201.978662;31.115386;-310.333491;,
   -213.487821;13.663027;-305.607859;,
   -219.973120;38.273850;-305.507866;,
   -223.326234;44.868829;-297.279411;,
   -219.357901;45.658413;-301.987123;,
   -232.250598;28.693296;-287.642445;,
   -215.492685;-7.271990;-295.469491;,
   -233.230694;48.142730;-279.004314;,
   -227.100698;53.768954;-283.596826;,
   -189.675200;-7.693585;-302.970752;,
   -160.890074;-9.105513;-308.433715;,
   -224.227610;11.847710;-290.537344;,
   -221.415782;-7.876206;-285.591347;,
   -154.525709;0.938228;-313.470387;,
   -150.108979;-7.984654;-304.308890;,
   -145.454835;0.841108;-307.535642;,
   -153.520589;11.042138;-303.944934;,
   -162.884045;10.173715;-319.621939;,
   -155.059571;13.484419;-316.608589;,
   -156.606106;33.021939;-300.583322;,
   -157.212006;53.410995;-288.074522;,
   -162.051686;41.532602;-276.797056;,
   -162.986202;51.931011;-304.000435;,
   -156.727168;53.869024;-274.891750;,
   -158.761613;47.131942;-262.832026;,
   -160.837926;58.849734;-301.405389;,
   -157.707123;60.651309;-284.588288;,
   -176.926528;68.593971;-276.810419;,
   -167.237363;69.212838;-249.841613;,
   -163.140851;60.476147;-239.477990;,
   -160.788634;48.525261;-230.485043;,
   -194.265382;79.095437;-251.070720;,
   -156.831462;59.745178;-211.169280;,
   -160.651226;42.490442;-208.361459;,
   -210.018637;74.710259;-255.504333;,
   -148.735898;54.975270;-186.075238;,
   -155.256678;36.727750;-175.437453;,
   -218.379725;80.636781;-248.054758;,
   -221.412506;69.298432;-270.653850;,
   -209.075162;78.456563;-244.060339;,
   -206.977037;79.039149;-234.910285;,
   -213.108582;87.148506;-228.876314;,
   -221.862298;77.464730;-240.811341;,
   -181.308096;75.990835;-231.116749;,
   -229.017446;70.097267;-253.946778;,
   -225.920666;62.480416;-275.894195;,
   -183.654989;79.878771;-217.590784;,
   -166.957670;72.527776;-220.149274;,
   -194.918195;82.130630;-216.227277;,
   -151.933606;67.470982;-189.027981;,
   -181.765683;76.604090;-214.640051;,
   -192.283008;78.813990;-211.119872;,
   -179.156467;82.684083;-188.918362;,
   -199.104128;86.140506;-202.381619;,
   -196.098048;83.005613;-198.081997;,
   -208.879834;82.406112;-220.352691;,
   -218.849229;74.555987;-234.101350;,
   -208.772467;80.847565;-213.334323;,
   -233.216742;65.888467;-241.367091;,
   -219.676800;72.669702;-211.405606;,
   -209.127859;74.990758;-209.293606;,
   -229.300582;58.031072;-220.241178;,
   -217.884083;69.722630;-209.238861;,
   -214.249254;70.518880;-198.392973;,
   -220.658867;56.565862;-198.908762;,
   -227.332941;43.818698;-216.367334;,
   -211.344806;53.810125;-181.749094;,
   -232.306842;31.458547;-243.374157;,
   -209.685914;70.013344;-186.100314;,
   -201.696013;69.278413;-164.343654;,
   -198.580045;63.277446;-143.329997;,
   -191.440038;86.775968;-177.421261;,
   -189.407027;83.069440;-172.790464;,
   -188.451123;82.556077;-149.220365;,
   -199.037286;66.288678;-123.651405;,
   -184.308147;81.614797;-118.921114;,
   -158.595546;77.196806;-121.796710;,
   -175.214758;79.206528;-185.617101;,
   -154.016128;76.585587;-149.616282;,
   -141.666163;62.640038;-152.955046;,
   -151.908749;70.128909;-113.423424;,
   -142.060390;57.788646;-113.454400;,
   -151.152858;65.051181;-96.614035;,
   -143.225408;45.093814;-153.807027;,
   -156.263014;33.014330;-167.617664;,
   -152.262118;32.970774;-116.112845;,
   -145.184448;45.234826;-112.425472;,
   -164.062963;33.002755;-90.952499;,
   -149.933107;56.016102;-88.476768;,
   -153.129165;43.496979;-88.689261;,
   -167.310797;44.155469;-66.163610;,
   -179.113434;33.013597;-69.803635;,
   -166.614438;57.241286;-64.414790;,
   -162.156429;71.297875;-85.074701;,
   -201.430208;45.569050;-39.162861;,
   -214.717005;32.923818;-39.894307;,
   -196.710758;62.606688;-38.480950;,
   -217.996518;49.985507;-29.202170;,
   -220.080282;37.518669;-36.816976;,
   -246.724378;42.539139;-15.238530;,
   -205.852019;78.306413;-54.958144;,
   -167.915725;77.693773;-87.810189;,
   -239.625805;63.137286;-18.051690;,
   -261.789875;63.090490;-0.487893;,
   -267.098906;48.848576;8.738077;,
   -255.904410;80.077011;-33.910611;,
   -258.260736;76.765414;-31.899930;,
   -184.871027;80.775520;-96.730886;,
   -167.743091;80.738330;-99.266240;,
   -167.098918;80.156960;-106.568352;,
   -188.564787;83.183821;-105.411226;,
   -201.479398;73.659520;-97.210138;,
   -228.723814;80.503021;-65.323750;,
   -225.116723;59.124128;-82.501459;,
   -256.977613;72.747085;-60.943674;,
   -259.766170;52.526669;-69.120691;,
   -266.817536;80.107789;-46.916576;,
   -261.956762;68.747878;-58.145670;,
   -268.955238;75.660826;-44.089338;,
   -278.012826;59.576122;-61.785760;,
   -301.458867;42.076816;-55.694874;,
   -271.267994;77.950854;-28.385814;,
   -279.657446;75.348845;-46.135648;,
   -293.598822;69.920730;-48.994163;,
   -290.264064;82.729722;-33.675840;,
   -301.394739;63.818394;-44.609642;,
   -309.075738;57.984077;-42.595818;,
   -305.862682;79.215462;-29.673795;,
   -323.892966;53.776979;-40.030662;,
   -310.281549;73.031718;-24.840235;,
   -324.164915;28.660730;-39.462176;,
   -304.885734;79.322714;-26.367154;,
   -291.667482;79.228173;-17.260158;,
   -294.987648;75.916742;-12.245692;,
   -300.342682;71.806445;20.055533;,
   -322.422912;68.642323;7.920981;,
   -291.295693;65.091763;33.102304;,
   -313.343181;66.703814;31.834371;,
   -292.840090;50.971088;45.195123;,
   -285.082957;47.695466;33.218208;,
   -298.093466;40.033462;48.885005;,
   -304.375936;56.760339;48.232246;,
   -305.559552;47.813149;51.994422;,
   -312.012902;31.585094;65.888442;,
   -315.996442;60.277933;47.411354;,
   -334.509747;59.945670;33.311165;,
   -321.096525;50.291578;55.008096;,
   -316.060467;40.123994;65.125920;,
   -335.655245;61.378752;14.458168;,
   -342.086835;42.483053;33.749094;,
   -350.518554;46.559491;20.594171;,
   -335.179597;69.422272;6.510168;,
   -348.002048;27.222013;28.997968;,
   -326.721152;36.736752;69.496467;,
   -342.788941;56.355168;-0.279319;,
   -356.104832;31.947549;15.143811;,
   -351.773517;22.020640;21.117902;,
   -347.833216;47.080349;-7.728033;,
   -351.646464;15.101437;24.877670;,
   -351.881779;14.394013;20.608978;,
   -348.032026;13.540032;31.874678;,
   -342.117453;17.666314;42.244461;,
   -341.879552;4.732613;39.972794;,
   -324.118810;11.471062;77.343066;,
   -335.523891;2.298518;50.704909;,
   -322.302515;3.504850;76.804614;,
   -329.486182;-1.882509;54.176774;,
   -325.715251;-8.217964;56.401510;,
   -317.734579;-8.183798;71.612410;,
   -328.603878;-5.290521;52.824941;,
   -333.352730;-8.278483;42.923101;,
   -334.775373;-5.565609;44.745168;,
   -341.171661;0.076671;38.135574;,
   -344.706048;-8.185882;21.459973;,
   -345.682406;1.563092;28.421283;,
   -351.881779;14.394013;20.608978;,
   -343.334656;-6.811299;5.703967;,
   -352.103296;15.851992;9.615340;,
   -332.141875;4.830824;-34.016954;,
   -349.503744;34.412451;-5.680958;,
   -328.034637;-2.920978;-31.779280;,
   -322.832614;-8.580722;-23.912731;,
   -322.225792;-0.975844;-38.613002;,
   -331.386266;28.434899;-35.146381;,
   -327.351859;34.452733;-36.844470;,
   -333.008768;48.964413;-22.455618;,
   -348.693965;56.873248;-14.656029;,
   -333.457178;65.162797;-23.109965;,
   -335.349709;61.469606;0.280647;,
   -336.755456;67.208717;-7.919092;,
   -327.100826;70.330886;-19.278682;,
   10.573532;32.627117;418.241894;,
   -0.670609;34.673030;469.65962;,
   -0.670609;-8.307473;471.02819;,
   11.858124;-8.069724;417.238707;,
   20.711685;32.132166;387.808947;,
   20.742173;-7.844779;388.663142;,
   32.705811;27.872659;359.377510;,
   33.242387;-7.827140;359.782221;,
   25.539048;-7.319984;353.835750;,
   24.024291;41.261638;353.279488;,
   28.780960;36.210934;345.792410;,
   28.803574;-7.856354;345.788646;,
   48.073120;-7.929840;334.237926;,
   48.672928;36.140672;334.480282;,
   75.851456;-7.574905;337.146368;,
   74.960038;36.158995;336.843059;,
   72.059251;-8.012526;311.591834;,
   72.293139;36.922518;309.876941;,
   83.466566;31.895712;291.905997;,
   83.641875;-7.886639;292.047846;,
   94.338822;1.148872;289.341619;,
   93.504198;30.785443;289.524403;,
   108.521613;-8.671520;285.391718;,
   -0.670609;-8.307473;471.02819;,
   -0.670609;34.673030;469.65962;,
   -11.914749;32.627117;418.241894;,
   -13.199341;-8.069724;417.238707;,
   -22.052902;32.132166;387.808947;,
   -22.083389;-7.844779;388.663142;,
   -34.087280;27.798003;359.436109;,
   -34.543344;-7.902905;359.841664;,
   -26.880266;-7.319984;353.835750;,
   -25.365509;41.261638;353.279488;,
   -30.122176;36.210934;345.792410;,
   -30.144790;-7.856354;345.788646;,
   -49.414336;-7.929840;334.237926;,
   -50.014144;36.140672;334.480282;,
   -77.192672;-7.574905;337.146368;,
   -76.301254;36.158995;336.843059;,
   -73.400467;-8.012526;311.591834;,
   -73.634355;36.922518;309.876941;,
   -84.807782;31.895712;291.905997;,
   -84.983091;-7.886639;292.047846;,
   -95.680038;1.148872;289.341619;,
   -94.845414;30.785443;289.524403;,
   -109.862822;-8.671520;285.391718;,
   230.735437;74.180678;-110.924710;,
   231.055386;74.646509;-107.416922;,
   235.599386;71.465792;-103.260077;,
   236.191514;64.975590;-114.590426;,
   245.540966;73.322003;-104.617882;,
   246.167885;66.972800;-118.217126;,
   234.033254;66.059526;-124.770496;,
   250.686106;70.660544;-111.198797;,
   255.623066;78.854067;-100.530752;,
   256.635853;79.580979;-103.270899;,
   248.241562;82.271533;-120.860480;,
   251.983616;85.673299;-109.487936;,
   237.160090;66.972800;-137.747136;,
   246.187878;87.529920;-120.833677;,
   254.162944;90.399110;-109.286042;,
   243.445171;83.951386;-128.896909;,
   226.639693;65.804826;-131.708506;,
   228.645043;75.096826;-129.470886;,
   222.276301;79.260634;-131.270400;,
   222.542464;73.981587;-132.222400;,
   218.861107;71.391635;-140.544461;,
   217.942835;74.756026;-133.822413;,
