xof 0303txt 0032
template ColorRGBA {
 <35ff44e0-6c7c-11cf-8f52-0040333594a3>
 FLOAT red;
 FLOAT green;
 FLOAT blue;
 FLOAT alpha;
}

template ColorRGB {
 <d3e16e81-7835-11cf-8f52-0040333594a3>
 FLOAT red;
 FLOAT green;
 FLOAT blue;
}

template Material {
 <3d82ab4d-62da-11cf-ab39-0020af71e433>
 ColorRGBA faceColor;
 FLOAT power;
 ColorRGB specularColor;
 ColorRGB emissiveColor;
 [...]
}

template TextureFilename {
 <a42790e1-7810-11cf-8f52-0040333594a3>
 STRING filename;
}

template Frame {
 <3d82ab46-62da-11cf-ab39-0020af71e433>
 [...]
}

template Matrix4x4 {
 <f6f23f45-7686-11cf-8f52-0040333594a3>
 array FLOAT matrix[16];
}

template FrameTransformMatrix {
 <f6f23f41-7686-11cf-8f52-0040333594a3>
 Matrix4x4 frameMatrix;
}

template Vector {
 <3d82ab5e-62da-11cf-ab39-0020af71e433>
 FLOAT x;
 FLOAT y;
 FLOAT z;
}

template MeshFace {
 <3d82ab5f-62da-11cf-ab39-0020af71e433>
 DWORD nFaceVertexIndices;
 array DWORD faceVertexIndices[nFaceVertexIndices];
}

template Mesh {
 <3d82ab44-62da-11cf-ab39-0020af71e433>
 DWORD nVertices;
 array Vector vertices[nVertices];
 DWORD nFaces;
 array MeshFace faces[nFaces];
 [...]
}

template MeshMaterialList {
 <f6f23f42-7686-11cf-8f52-0040333594a3>
 DWORD nMaterials;
 DWORD nFaceIndexes;
 array DWORD faceIndexes[nFaceIndexes];
 [Material <3d82ab4d-62da-11cf-ab39-0020af71e433>]
}

template VertexElement {
 <f752461c-1e23-48f6-b9f8-8350850f336f>
 DWORD Type;
 DWORD Method;
 DWORD Usage;
 DWORD UsageIndex;
}

template DeclData {
 <bf22e553-292c-4781-9fea-62bd554bdd93>
 DWORD nElements;
 array VertexElement Elements[nElements];
 DWORD nDWords;
 array DWORD data[nDWords];
}

template XSkinMeshHeader {
 <3cf169ce-ff7c-44ab-93c0-f78f62d172e2>
 WORD nMaxSkinWeightsPerVertex;
 WORD nMaxSkinWeightsPerFace;
 WORD nBones;
}

template SkinWeights {
 <6f0d123b-bad2-4167-a0d0-80224f25fabb>
 STRING transformNodeName;
 DWORD nWeights;
 array DWORD vertexIndices[nWeights];
 array FLOAT weights[nWeights];
 Matrix4x4 matrixOffset;
}

template AnimTicksPerSecond {
 <9e415a43-7ba6-4a73-8743-b73d47e88476>
 DWORD AnimTicksPerSecond;
}

template Animation {
 <3d82ab4f-62da-11cf-ab39-0020af71e433>
 [...]
}

template AnimationSet {
 <3d82ab50-62da-11cf-ab39-0020af71e433>
 [Animation <3d82ab4f-62da-11cf-ab39-0020af71e433>]
}

template FloatKeys {
 <10dd46a9-775b-11cf-8f52-0040333594a3>
 DWORD nValues;
 array FLOAT values[nValues];
}

template TimedFloatKeys {
 <f406b180-7b3b-11cf-8f52-0040333594a3>
 DWORD time;
 FloatKeys tfkeys;
}

template AnimationKey {
 <10dd46a8-775b-11cf-8f52-0040333594a3>
 DWORD keyType;
 DWORD nKeys;
 array TimedFloatKeys keys[nKeys];
}


Material Material__121 {
 1.000000;1.000000;1.000000;1.000000;;
 10.000000;
 0.000000;0.000000;0.000000;;
 0.000000;0.000000;0.000000;;

 TextureFilename {
  "Vulgrim_Body_d.tga";
 }
}

Material Material__122 {
 1.000000;1.000000;1.000000;1.000000;;
 10.000000;
 0.000000;0.000000;0.000000;;
 0.000000;0.000000;0.000000;;

 TextureFilename {
  "Vulgrim_Head_d.tga";
 }
}

Frame root {
 

 FrameTransformMatrix {
  1.000000,0.000000,0.000000,0.000000,0.000000,1.000000,0.000000,0.000000,0.000000,0.000000,1.000000,0.000000,0.000000,0.000000,0.000000,1.000000;;
 }

 Frame Bone_V_Root {
  

  FrameTransformMatrix {
   -0.996195,-0.000000,-0.087155,0.000000,-0.000000,1.000000,-0.000000,0.000000,0.087155,-0.000000,-0.996195,0.000000,0.000000,0.000000,0.000000,1.000000;;
  }

  Frame Bone_Hips {
   

   FrameTransformMatrix {
    -0.000001,0.966685,-0.255971,0.000000,-1.000000,-0.000000,0.000000,0.000000,0.000000,0.255971,0.966685,0.000000,-0.000002,218.104730,8.408502,1.000000;;
   }

   Frame SkirtBo04 {
    

    FrameTransformMatrix {
     -0.996493,0.005215,0.083516,0.000000,0.083515,-0.000445,0.996507,0.000000,0.005234,0.999986,0.000007,0.000000,-0.087616,-0.023071,0.221851,1.000000;;
    }

    Frame BoFitas_frente01_L {
     

     FrameTransformMatrix {
      0.974907,-0.219042,0.039707,0.000000,0.161346,0.818158,0.551893,0.000000,-0.153374,-0.531638,0.832969,0.000000,31.270387,29.732650,19.377978,1.000000;;
     }

     Frame BoFitas_frente03_L {
      

      FrameTransformMatrix {
       0.998884,-0.046225,0.009706,0.000000,0.047133,0.988832,-0.141387,0.000000,-0.003062,0.141686,0.989907,0.000000,89.446061,-0.000015,0.000010,1.000000;;
      }
     }
    }

    Frame BoPaperRoll01 {
     

     FrameTransformMatrix {
      0.915492,0.376061,0.143010,0.000000,-0.401786,0.873101,0.276155,0.000000,-0.021010,-0.310278,0.950414,0.000000,16.446778,29.917725,19.236309,1.000000;;
     }
    }

    Frame BoFrente01 {
     

     FrameTransformMatrix {
      0.993566,-0.112151,-0.015769,0.000000,0.113089,0.989968,0.084700,0.000000,0.006112,-0.085938,0.996282,0.000000,21.087387,32.170096,-0.488447,1.000000;;
     }
    }

    Frame Fitas_frente01_R {
     

     FrameTransformMatrix {
      0.967946,-0.233679,-0.092053,0.000000,0.185433,0.912117,-0.365593,0.000000,0.169395,0.336805,0.926211,0.000000,30.382173,29.598563,-19.243986,1.000000;;
     }

     Frame Fitas_frente02_R {
      

      FrameTransformMatrix {
       0.996869,-0.054677,0.057116,0.000000,0.049077,0.994245,0.095235,0.000000,-0.061995,-0.092134,0.993815,0.000000,65.332186,-0.000008,0.000057,1.000000;;
      }
     }
    }

    Frame Bopergaminho_presilha02 {
     

     FrameTransformMatrix {
      0.877794,0.381352,-0.289910,0.000000,-0.476534,0.756941,-0.447164,0.000000,0.048917,0.530670,0.846166,0.000000,24.300706,27.392326,-24.288026,1.000000;;
     }
    }

    Frame Pano_lateral01_R {
     

     FrameTransformMatrix {
      0.913277,-0.344886,-0.216747,0.000000,0.289884,0.176468,0.940652,0.000000,-0.286169,-0.921907,0.261141,0.000000,22.541686,-6.971130,-36.347875,1.000000;;
     }

     Frame Pano_lateral02_R {
      

      FrameTransformMatrix {
       0.978946,-0.110225,0.171803,0.000000,0.116751,0.992757,-0.028328,0.000000,-0.167436,0.047790,0.984724,0.000000,45.138838,-0.000053,0.000019,1.000000;;
      }
     }
    }

    Frame BoPano_Back {
     

     FrameTransformMatrix {
      0.787109,-0.616786,-0.005977,0.000000,-0.616795,-0.787124,0.000350,0.000000,-0.004921,0.003412,-0.999982,0.000000,30.427520,-35.744672,-0.171276,1.000000;;
     }
    }

    Frame Pano_lateral01_L {
     

     FrameTransformMatrix {
      0.868279,-0.465977,0.170170,0.000000,-0.280056,-0.177297,0.943469,0.000000,-0.409464,-0.866852,-0.284443,0.000000,22.920227,-7.003082,36.254170,1.000000;;
     }

     Frame Pano_lateral02_L {
      

      FrameTransformMatrix {
       0.978946,0.110222,0.171801,0.000000,-0.116749,0.992757,0.028328,0.000000,-0.167434,-0.047789,0.984725,0.000000,45.138931,-0.000015,-0.000008,1.000000;;
      }
     }
    }

    Frame SkirtBo03 {
     

     FrameTransformMatrix {
      0.926133,-0.377164,-0.004957,0.000000,0.377162,0.926146,-0.001348,0.000000,0.005099,-0.000622,0.999987,0.000000,160.013210,-43.396262,-0.681937,1.000000;;
     }
    }

    Frame SkirtBo02 {
     

     FrameTransformMatrix {
      0.933191,-0.359203,-0.011326,0.000000,0.359202,0.933257,-0.002192,0.000000,0.011357,-0.002023,0.999933,0.000000,103.166854,-21.515069,0.008025,1.000000;;
     }
    }

    Frame SkirtBo01 {
     

     FrameTransformMatrix {
      0.957258,-0.289234,0.000106,0.000000,0.289234,0.957257,-0.001353,0.000000,0.000290,0.001326,0.999999,0.000000,32.609818,-0.196365,0.000023,1.000000;;
     }
    }
   }

   Frame Spine {
    

    FrameTransformMatrix {
     0.973081,-0.000001,0.230463,0.000000,-0.000002,1.000000,0.000011,0.000000,-0.230463,-0.000011,0.973081,0.000000,24.440704,-0.000001,1.606045,1.000000;;
    }

    Frame Spine1 {
     

     FrameTransformMatrix {
      0.964545,0.000002,0.263917,0.000000,-0.000455,0.999998,0.001657,0.000000,-0.263917,-0.001718,0.964544,0.000000,14.672744,0.000001,-0.013658,1.000000;;
     }

     Frame Spine2 {
      

      FrameTransformMatrix {
       1.000000,0.000000,-0.000002,0.000000,-0.000000,0.999975,-0.007109,0.000000,0.000002,0.007109,0.999975,0.000000,17.174027,0.000000,-0.020412,1.000000;;
      }

      Frame RWing01 {
       

       FrameTransformMatrix {
        0.508296,-0.390825,-0.767392,0.000000,0.860805,0.256968,0.439298,0.000000,0.025506,-0.883868,0.467040,0.000000,17.016296,-11.438090,-27.862422,1.000000;;
       }

       Frame RWing02 {
        

        FrameTransformMatrix {
         0.961096,-0.001066,0.276213,0.000000,-0.000877,0.999976,0.006911,0.000000,-0.276214,-0.006884,0.961072,0.000000,18.207230,0.000000,0.000002,1.000000;;
        }

        Frame RWing03 {
         

         FrameTransformMatrix {
          0.640032,-0.719557,0.269438,0.000000,0.726700,0.680785,0.091868,0.000000,-0.249533,0.137002,0.958626,0.000000,17.857117,0.000000,-0.000046,1.000000;;
         }

         Frame RWing04 {
          

          FrameTransformMatrix {
           0.834720,-0.543049,-0.091326,0.000000,0.549632,0.831802,0.077528,0.000000,0.033863,-0.114910,0.992799,0.000000,28.459501,-0.000122,0.000000,1.000000;;
          }
         }
        }
       }
      }

      Frame LWing01 {
       

       FrameTransformMatrix {
        0.492378,0.407801,-0.768936,0.000000,0.870069,-0.254292,0.422274,0.000000,-0.023331,-0.876946,-0.480023,0.000000,17.013306,11.683894,-27.737949,1.000000;;
       }

       Frame LWing02 {
        

        FrameTransformMatrix {
         0.961096,-0.001064,-0.276213,0.000000,-0.000879,0.999976,-0.006911,0.000000,0.276214,0.006885,0.961072,0.000000,18.207245,-0.000061,-0.000013,1.000000;;
        }

        Frame LWing03 {
         

         FrameTransformMatrix {
          0.640030,-0.719558,-0.269440,0.000000,0.726699,0.680785,-0.091877,0.000000,0.249542,-0.136998,0.958624,0.000000,17.857056,0.000031,-0.000008,1.000000;;
         }

         Frame LWing04 {
          

          FrameTransformMatrix {
           0.834722,-0.543047,0.091323,0.000000,0.549630,0.831803,-0.077531,0.000000,-0.033860,0.114911,0.992799,0.000000,28.459466,0.000000,-0.000015,1.000000;;
          }
         }
        }
       }
      }

      Frame BoHood_L {
       

       FrameTransformMatrix {
        -0.514240,0.780932,-0.354545,0.000000,0.444461,-0.110891,-0.888908,0.000000,-0.733493,-0.614693,-0.290069,0.000000,37.358032,16.464608,13.063080,1.000000;;
       }
      }

      Frame BoHood_R {
       

       FrameTransformMatrix {
        -0.585885,-0.710506,-0.389769,0.000000,-0.444458,-0.120454,0.887664,0.000000,-0.677640,0.693305,-0.245218,0.000000,38.190643,-17.397122,12.864346,1.000000;;
       }
      }

      Frame Neck {
       

       FrameTransformMatrix {
        0.704110,-0.003845,0.710081,0.000000,0.000879,0.999989,0.004542,0.000000,-0.710091,-0.002574,0.704106,0.000000,32.811523,-0.057155,10.591282,1.000000;;
       }

       Frame Head {
        

        FrameTransformMatrix {
         0.999984,0.000012,0.005782,0.000000,-0.000019,0.999999,0.001220,0.000000,-0.005782,-0.001220,0.999983,0.000000,12.341995,0.000361,0.000229,1.000000;;
        }

        Frame Bone_Face_parent {
         

         FrameTransformMatrix {
          1.000000,0.000002,-0.000001,0.000000,-0.000002,0.999982,0.006044,0.000000,0.000001,-0.006044,0.999982,0.000000,0.000000,-0.000005,0.000000,1.000000;;
         }

         Frame Nose_L {
          

          FrameTransformMatrix {
           0.806046,0.179197,0.564073,0.000000,0.538249,0.174393,-0.824546,0.000000,-0.246127,0.968233,0.044117,0.000000,16.161866,1.486815,11.387802,1.000000;;
          }
         }

         Frame Nose_R {
          

          FrameTransformMatrix {
           0.842461,-0.138550,0.520638,0.000000,0.504117,-0.138202,-0.852506,0.000000,0.190068,0.980665,-0.046585,0.000000,16.050874,-1.976649,11.408829,1.000000;;
          }
         }

         Frame Eyebrow_Inner_R {
          

          FrameTransformMatrix {
           0.047534,-0.852194,-0.521062,0.000000,-0.565662,-0.452910,0.689129,0.000000,-0.823266,0.261988,-0.503583,0.000000,21.262344,-3.978387,6.388046,1.000000;;
          }
         }

         Frame Eyebrow_Outer_R {
          

          FrameTransformMatrix {
           -0.719698,-0.616289,-0.319722,0.000000,-0.421905,0.022491,0.906361,0.000000,-0.551390,0.787199,-0.276202,0.000000,20.087296,-8.135530,3.328842,1.000000;;
          }
         }

         Frame Blink_Upper_R {
          

          FrameTransformMatrix {
           0.040529,-0.903723,-0.426194,0.000000,-0.709248,-0.326467,0.624809,0.000000,-0.703793,0.276954,-0.654196,0.000000,17.875474,-5.763862,5.230347,1.000000;;
          }
         }

         Frame Eyeball_R {
          

          FrameTransformMatrix {
           0.171133,-0.910230,-0.377088,0.000000,0.798020,0.352521,-0.488767,0.000000,0.577822,-0.217279,0.786709,0.000000,16.592453,-5.786069,4.990738,1.000000;;
          }
         }

         Frame Eyebrow_Inner_L {
          

          FrameTransformMatrix {
           -0.004819,0.934138,-0.356878,0.000000,0.653334,-0.267241,-0.708334,0.000000,-0.757054,-0.236574,-0.609017,0.000000,21.186600,4.085144,6.515045,1.000000;;
          }
         }

         Frame Eyebrow_C {
          

          FrameTransformMatrix {
           0.000004,0.999982,-0.006048,0.000000,0.632554,-0.004687,-0.774502,0.000000,-0.774516,-0.003823,-0.632543,0.000000,21.443986,-0.674866,7.756378,1.000000;;
          }
         }

         Frame Eyebrow_Outer_L {
          

          FrameTransformMatrix {
           -0.568338,0.626112,-0.533831,0.000000,0.603823,-0.123343,-0.787518,0.000000,-0.558919,-0.769915,-0.307960,0.000000,19.817765,8.537849,3.261078,1.000000;;
          }
         }

         Frame Eyeball_L {
          

          FrameTransformMatrix {
           0.158896,0.850083,-0.502107,0.000000,-0.786640,0.416331,0.455923,0.000000,0.596615,0.322533,0.734863,0.000000,16.679550,6.217991,4.769455,1.000000;;
          }
         }

         Frame Cheek_Low_L {
          

          FrameTransformMatrix {
           0.051265,0.913654,0.403247,0.000000,0.630422,0.283556,-0.722610,0.000000,-0.774558,0.291260,-0.561451,0.000000,8.439926,9.550678,4.222748,1.000000;;
          }
         }

         Frame Cheek_High_L {
          

          FrameTransformMatrix {
           -0.087663,0.599419,-0.795621,0.000000,0.992753,0.118473,-0.020126,0.000000,0.082196,-0.791619,-0.605461,0.000000,13.581864,9.535697,7.836380,1.000000;;
          }
         }

         Frame Cheek_High_R {
          

          FrameTransformMatrix {
           -0.037466,-0.769175,0.637939,0.000000,-0.999222,0.036730,-0.014398,0.000000,-0.012357,-0.637982,-0.769952,0.000000,14.126725,-8.774862,7.460647,1.000000;;
          }
         }

         Frame Cheek_Low_R {
          

          FrameTransformMatrix {
           -0.026296,-0.980156,0.196475,0.000000,-0.134142,0.198225,0.970934,0.000000,-0.990613,-0.000823,-0.136692,0.000000,8.439804,-9.054824,4.335236,1.000000;;
          }
         }

         Frame Cheek_Side_R {
          

          FrameTransformMatrix {
           -0.177993,0.967165,-0.181413,0.000000,0.889291,0.079172,-0.450438,0.000000,-0.421284,-0.241504,-0.874183,0.000000,9.656616,-6.929136,8.270614,1.000000;;
          }
         }

         Frame Cheek_Side_L {
          

          FrameTransformMatrix {
           0.089936,0.993363,0.071700,0.000000,0.890465,-0.047957,-0.452518,0.000000,-0.446076,0.104544,-0.888868,0.000000,8.380676,6.071512,7.622375,1.000000;;
          }
         }

         Frame Blink_Lower_R {
          

          FrameTransformMatrix {
           0.080442,-0.880112,-0.467901,0.000000,-0.653084,-0.401163,0.642300,0.000000,-0.753001,0.253910,-0.607058,0.000000,16.495742,-6.576834,6.463516,1.000000;;
          }
         }

         Frame Blink_Upper_L {
          

          FrameTransformMatrix {
           -0.031274,0.880393,-0.473212,0.000000,0.743145,-0.296123,-0.600039,0.000000,-0.668399,-0.370431,-0.644999,0.000000,18.021744,5.683513,5.091644,1.000000;;
          }
         }

         Frame Blink_Lower_L {
          

          FrameTransformMatrix {
           -0.042626,0.870518,-0.490287,0.000000,0.666868,-0.340625,-0.662768,0.000000,-0.743955,-0.355208,-0.566002,0.000000,16.828827,6.268662,6.204056,1.000000;;
          }
         }
        }

        Frame BoUpperJaw {
         

         FrameTransformMatrix {
          0.273874,-0.005863,0.961748,0.000000,-0.003041,-0.999982,-0.005230,0.000000,0.961761,-0.001492,-0.273888,0.000000,11.135758,0.024588,6.261841,1.000000;;
         }

         Frame Lips_Upper_Inner_L01 {
          

          FrameTransformMatrix {
           0.735083,-0.328042,0.593331,0.000000,-0.608282,0.067374,0.790856,0.000000,-0.299409,-0.942258,-0.150016,0.000000,9.646591,-2.002482,-0.845612,1.000000;;
          }
         }

         Frame Lips_Upper_Inner_R01 {
          

          FrameTransformMatrix {
           0.670767,0.489054,0.557581,0.000000,0.557621,0.163141,-0.813906,0.000000,-0.489008,0.856861,-0.163277,0.000000,9.250168,2.348507,-1.101502,1.000000;;
          }
         }

         Frame Lips_Upper_Inner_L02 {
          

          FrameTransformMatrix {
           0.411167,-0.805732,0.426307,0.000000,-0.380391,0.273343,0.883508,0.000000,-0.828399,-0.525432,-0.194103,0.000000,7.561310,-3.421582,-0.733948,1.000000;;
          }
         }

         Frame Lips_Upper_Inner_L03 {
          

          FrameTransformMatrix {
           0.103382,-0.936769,0.334330,0.000000,-0.380392,0.273342,0.883508,0.000000,-0.919029,-0.218515,-0.328081,0.000000,3.541855,-4.671413,-1.881622,1.000000;;
          }
         }

         Frame Lips_Upper_Inner_R02 {
          

          FrameTransformMatrix {
           0.206253,0.897438,0.389956,0.000000,0.577685,0.209980,-0.788789,0.000000,-0.789772,0.387962,-0.475128,0.000000,7.215149,3.671705,-1.268463,1.000000;;
          }
         }

         Frame Lips_Upper_Inner_R03 {
          

          FrameTransformMatrix {
           0.167019,0.927800,0.333604,0.000000,0.246393,0.288344,-0.925283,0.000000,-0.954670,0.236737,-0.180445,0.000000,4.082687,4.473444,-1.944489,1.000000;;
          }
         }
        }

        Frame BoLowerJaw {
         

         FrameTransformMatrix {
          0.194610,0.055280,0.979322,0.000000,0.054662,-0.997470,0.045442,0.000000,0.979356,0.044688,-0.197140,0.000000,4.791763,-0.856572,-0.498047,1.000000;;
         }

         Frame Lips_Lower_Inner_L03 {
          

          FrameTransformMatrix {
           -0.079603,-0.920472,0.382617,0.000000,-0.211215,0.390694,0.895961,0.000000,-0.974193,-0.009493,-0.225518,0.000000,13.757752,-4.427334,0.333771,1.000000;;
          }
         }

         Frame Lips_Lower_Inner_R03 {
          

          FrameTransformMatrix {
           0.079763,0.965047,0.249645,0.000000,0.088781,0.242570,-0.966063,0.000000,-0.992852,0.099220,-0.066329,0.000000,13.873245,5.202215,-0.432938,1.000000;;
          }
         }

         Frame Lips_Lower_Inner_R01 {
          

          FrameTransformMatrix {
           0.742559,0.542265,0.393134,0.000000,0.509184,-0.075714,-0.857321,0.000000,-0.435129,0.836789,-0.332335,0.000000,19.988982,2.082523,1.254486,1.000000;;
          }
         }

         Frame Lips_Lower_Inner_R02 {
          

          FrameTransformMatrix {
           0.602644,0.787861,-0.126870,0.000000,0.057011,-0.201082,-0.977914,0.000000,-0.795971,0.582101,-0.166097,0.000000,17.606171,4.027521,0.348694,1.000000;;
          }
         }

         Frame Lips_Lower_Inner_L02 {
          

          FrameTransformMatrix {
           0.555582,-0.687699,0.467331,0.000000,-0.378305,0.291437,0.878607,0.000000,-0.740415,-0.664932,-0.098243,0.000000,18.154632,-3.987292,1.081390,1.000000;;
          }
         }

         Frame Lips_Lower_Inner_L01 {
          

          FrameTransformMatrix {
           0.816087,-0.274011,0.508842,0.000000,-0.509176,0.075603,0.857335,0.000000,-0.273389,-0.958751,-0.077821,0.000000,20.218232,-1.803266,1.733627,1.000000;;
          }
         }
        }
       }
      }

      Frame LClavicle {
       

       FrameTransformMatrix {
        0.286432,0.958044,0.010402,0.000000,0.958064,-0.286310,-0.011867,0.000000,-0.008391,0.013365,-0.999876,0.000000,16.373077,17.500765,-1.405434,1.000000;;
       }

       Frame LUpArm {
        

        FrameTransformMatrix {
         -0.052777,-0.996289,-0.067991,0.000000,0.939774,-0.026528,-0.340765,0.000000,0.337696,-0.081880,0.937687,0.000000,14.818154,0.000000,-0.000046,1.000000;;
        }

        Frame LForearm {
         

         FrameTransformMatrix {
          -0.216540,0.000001,-0.976274,0.000000,0.000000,1.000000,0.000001,0.000000,0.976274,0.000000,-0.216540,0.000000,44.375184,-0.000061,-0.000008,1.000000;;
         }

         Frame LHand {
          

          FrameTransformMatrix {
           0.873072,0.054128,0.484578,0.000000,-0.427042,0.564540,0.706349,0.000000,-0.235331,-0.823629,0.515999,0.000000,57.015309,0.000015,-0.000031,1.000000;;
          }

          Frame LFinger0 {
           

           FrameTransformMatrix {
            0.673853,-0.615764,0.408358,0.000000,0.527492,0.013924,-0.849446,0.000000,0.517373,0.787807,0.334193,0.000000,4.642731,-4.860580,1.230927,1.000000;;
           }

           Frame LFinger01 {
            

            FrameTransformMatrix {
             0.949805,0.000000,-0.312843,0.000000,-0.000000,1.000000,-0.000000,0.000000,0.312843,0.000000,0.949805,0.000000,5.861164,-0.000015,0.000092,1.000000;;
            }

            Frame LFinger02 {
             

             FrameTransformMatrix {
              0.487594,0.000002,0.873071,0.000000,0.000011,1.000000,-0.000009,0.000000,-0.873071,0.000014,0.487594,0.000000,8.653186,0.000008,-0.000015,1.000000;;
             }
            }
           }
          }

          Frame LFinger1 {
           

           FrameTransformMatrix {
            0.869185,-0.225698,-0.439975,0.000000,0.207877,0.974095,-0.089023,0.000000,0.448670,-0.014084,0.893586,0.000000,21.925389,-7.845002,1.223389,1.000000;;
           }

           Frame LFinger11 {
            

            FrameTransformMatrix {
             0.976490,0.000004,0.215564,0.000000,-0.000003,1.000000,-0.000002,0.000000,-0.215564,0.000001,0.976490,0.000000,6.275620,-0.000015,0.000015,1.000000;;
            }

            Frame LFinger12 {
             

             FrameTransformMatrix {
              0.447426,0.000005,0.894321,0.000000,-0.000036,1.000000,0.000012,0.000000,-0.894321,-0.000038,0.447426,0.000000,7.482498,-0.000031,0.246140,1.000000;;
             }
            }
           }
          }

          Frame LFinger2 {
           

           FrameTransformMatrix {
            0.996718,-0.006212,-0.080718,0.000000,0.000295,0.997324,-0.073113,0.000000,0.080956,0.072849,0.994052,0.000000,24.909451,-1.866806,-0.022507,1.000000;;
           }

           Frame LFinger21 {
            

            FrameTransformMatrix {
             0.550787,0.000005,0.834646,0.000000,-0.000018,1.000000,0.000006,0.000000,-0.834646,-0.000019,0.550787,0.000000,7.240189,0.000000,-0.000046,1.000000;;
            }

            Frame LFinger22 {
             

             FrameTransformMatrix {
              0.662439,0.000020,0.749116,0.000000,-0.000015,1.000000,-0.000013,0.000000,-0.749116,-0.000003,0.662439,0.000000,6.298492,0.000015,0.000023,1.000000;;
             }
            }
           }
          }

          Frame LFinger3 {
           

           FrameTransformMatrix {
            0.715732,0.275972,0.641534,0.000000,-0.218496,0.960982,-0.169625,0.000000,-0.663315,-0.018767,0.748105,0.000000,24.053142,4.783707,-0.527771,1.000000;;
           }

           Frame LFinger31 {
            

            FrameTransformMatrix {
             0.149447,0.000010,0.988770,0.000000,-0.000001,1.000000,-0.000010,0.000000,-0.988770,0.000000,0.149447,0.000000,7.240189,0.000023,-0.000015,1.000000;;
            }

            Frame LFinger32 {
             

             FrameTransformMatrix {
              -0.248158,0.000000,0.968720,0.000000,0.000008,1.000000,0.000002,0.000000,-0.968720,0.000008,-0.248158,0.000000,6.298492,0.000046,0.000000,1.000000;;
             }
            }
           }
          }
         }
        }
       }
      }

      Frame RClavicle {
       

       FrameTransformMatrix {
        0.376447,-0.926144,0.023331,0.000000,-0.923752,-0.377153,-0.066620,0.000000,0.070499,0.003527,-0.997506,0.000000,16.373107,-17.493050,-1.499439,1.000000;;
       }

       Frame RUpArm {
        

        FrameTransformMatrix {
         -0.051080,0.997333,-0.052131,0.000000,-0.938645,-0.030116,0.343567,0.000000,0.341080,0.066482,0.937680,0.000000,14.818162,-0.000046,-0.000092,1.000000;;
        }

        Frame RForearm {
         

         FrameTransformMatrix {
          -0.324454,-0.000011,-0.945902,0.000000,-0.000003,1.000000,-0.000011,0.000000,0.945901,-0.000001,-0.324454,0.000000,44.375152,-0.000099,-0.000023,1.000000;;
         }

         Frame RHand {
          

          FrameTransformMatrix {
           0.794297,0.438479,0.420510,0.000000,-0.078013,0.760048,-0.645168,0.000000,-0.602500,0.479650,0.637911,0.000000,57.015328,0.000000,-0.000061,1.000000;;
          }

          Frame RFinger0 {
           

           FrameTransformMatrix {
            0.352307,0.830812,0.430850,0.000000,-0.624924,-0.133859,0.769124,0.000000,0.696671,-0.540216,0.472035,0.000000,5.614967,8.807358,2.460159,1.000000;;
           }

           Frame RFinger01 {
            

            FrameTransformMatrix {
             0.998008,0.000002,0.063093,0.000000,-0.000002,1.000000,-0.000003,0.000000,-0.063093,0.000003,0.998008,0.000000,8.831097,0.000038,-0.000015,1.000000;;
            }

            Frame RFinger02 {
             

             FrameTransformMatrix {
              0.948650,0.000007,0.316327,0.000000,-0.000008,1.000000,0.000000,0.000000,-0.316327,-0.000003,0.948650,0.000000,7.567902,-0.000008,-0.000031,1.000000;;
             }
            }
           }
          }

          Frame RFinger1 {
           

           FrameTransformMatrix {
            0.992152,0.073260,0.101330,0.000000,-0.096678,0.963384,0.250091,0.000000,-0.079298,-0.257924,0.962905,0.000000,22.774795,11.111306,1.685150,1.000000;;
           }

           Frame RFinger11 {
            

            FrameTransformMatrix {
             0.982022,-0.000000,0.188768,0.000000,0.000000,1.000000,-0.000001,0.000000,-0.188768,0.000001,0.982022,0.000000,11.197930,0.000034,-0.000031,1.000000;;
            }

            Frame RFinger12 {
             

             FrameTransformMatrix {
              0.934241,-0.000003,0.356643,0.000000,0.000000,1.000000,0.000007,0.000000,-0.356643,-0.000006,0.934241,0.000000,9.046997,-0.000004,-0.000015,1.000000;;
             }
            }
           }
          }

          Frame RFinger2 {
           

           FrameTransformMatrix {
            0.981604,-0.043516,0.185906,0.000000,0.036849,0.998553,0.039168,0.000000,-0.187341,-0.031597,0.981787,0.000000,24.956314,0.700699,-0.136398,1.000000;;
           }

           Frame RFinger21 {
            

            FrameTransformMatrix {
             0.960841,-0.000002,0.277101,0.000000,0.000001,1.000000,0.000003,0.000000,-0.277101,-0.000003,0.960841,0.000000,13.125748,-0.000015,0.000015,1.000000;;
            }

            Frame RFinger22 {
             

             FrameTransformMatrix {
              0.972901,-0.000003,0.231225,0.000000,0.000001,1.000000,0.000007,0.000000,-0.231225,-0.000006,0.972900,0.000000,9.805450,0.000000,0.000031,1.000000;;
             }
            }
           }
          }

          Frame RFinger3 {
           

           FrameTransformMatrix {
            0.970061,-0.199025,0.139178,0.000000,0.203999,0.978717,-0.022297,0.000000,-0.131778,0.050021,0.990017,0.000000,23.705490,-8.366852,0.547852,1.000000;;
           }

           Frame RFinger31 {
            

            FrameTransformMatrix {
             0.992078,0.000002,0.125625,0.000000,-0.000002,1.000000,0.000002,0.000000,-0.125626,-0.000002,0.992078,0.000000,9.199783,0.000023,-0.000015,1.000000;;
            }

            Frame RFinger32 {
             

             FrameTransformMatrix {
              0.914543,0.000001,0.404489,0.000000,-0.000009,1.000000,0.000019,0.000000,-0.404489,-0.000021,0.914543,0.000000,7.964126,-0.000023,0.000031,1.000000;;
             }
            }
           }
          }
         }
        }
       }
      }
     }
    }
   }

   Frame Bone_V_Chain_parent {
    

    FrameTransformMatrix {
     0.000001,1.000000,0.000487,0.000000,1.000000,-0.000000,-0.000490,0.000000,-0.000490,0.000487,-1.000000,0.000000,6.976166,-23.231942,30.198506,1.000000;;
    }

    Frame BoChainBall01 {
     

     FrameTransformMatrix {
      0.146392,-0.107491,-0.983369,0.000000,0.110061,0.989677,-0.091796,0.000000,0.983085,-0.094792,0.156711,0.000000,0.000002,0.000015,0.000000,1.000000;;
     }

     Frame BoChainBall02 {
      

      FrameTransformMatrix {
       0.998389,0.041137,0.039068,0.000000,-0.038926,0.997685,-0.055755,0.000000,-0.041272,0.054144,0.997680,0.000000,3.934998,-0.000046,0.000015,1.000000;;
      }

      Frame BoChainBall03 {
       

       FrameTransformMatrix {
        0.998027,0.043079,0.045670,0.000000,-0.044383,0.998624,0.027936,0.000000,-0.044404,-0.029908,0.998566,0.000000,4.164429,-0.000046,-0.000008,1.000000;;
       }

       Frame BoChainBall04 {
        

        FrameTransformMatrix {
         0.997909,0.045688,0.045725,0.000000,-0.036462,0.981980,-0.185432,0.000000,-0.053374,0.183377,0.981593,0.000000,3.762581,0.000031,-0.000011,1.000000;;
        }

        Frame BoChainBall05 {
         

         FrameTransformMatrix {
          1.000000,-0.000591,-0.000874,0.000000,0.000495,0.994342,-0.106221,0.000000,0.000931,0.106220,0.994342,0.000000,3.692818,0.000031,-0.000015,1.000000;;
         }

         Frame BoChainBall06 {
          

          FrameTransformMatrix {
           0.767184,0.474509,-0.431590,0.000000,-0.299881,0.860132,0.412606,0.000000,0.567010,-0.187120,0.802176,0.000000,3.455711,3.473786,-0.174179,1.000000;;
          }

          Frame BoChainBall07 {
           

           FrameTransformMatrix {
            0.690493,-0.723328,-0.004016,0.000000,0.723326,0.690503,-0.002190,0.000000,0.004357,-0.001392,0.999990,0.000000,3.392181,-0.907867,-0.006821,1.000000;;
           }
          }
         }
        }
       }
      }
     }
    }
   }
  }

  Frame Bone_V_Interactive {
   

   FrameTransformMatrix {
    1.000000,0.000000,0.000000,0.000000,-0.000000,1.000000,0.000000,0.000000,0.000000,0.000000,1.000000,0.000000,0.000000,0.000000,0.000000,1.000000;;
   }
  }
 }

 Frame Vulgrim {
  

  FrameTransformMatrix {
   1.000000,0.000000,0.000000,0.000000,0.000000,1.000000,0.000000,0.000000,0.000000,0.000000,1.000000,0.000000,0.000000,0.000000,0.000000,1.000000;;
  }

  Mesh Vulgrim {
   11457;
   43.684422;135.481075;8.614202;,
   42.642112;139.265651;6.233882;,
   46.015914;134.794982;4.994125;,
   39.669446;139.128307;12.236922;,
   40.682051;141.037683;7.186743;,
   34.426173;144.758131;16.780054;,
   40.773600;143.443328;5.303912;,
   39.757850;145.617933;4.333044;,
   31.014442;149.217459;18.951875;,
   33.995037;167.906982;-2.649680;,
   39.903728;147.303923;1.040455;,
   29.771462;151.772557;19.369952;,
   28.320384;153.115507;20.956144;,
   24.976832;158.826662;22.882390;,
   23.662760;169.436275;17.096914;,
   23.106589;178.582682;14.278373;,
   22.537712;190.778931;9.662898;,
   26.057075;190.401088;-3.379574;,
   25.438915;189.605594;-12.292450;,
   23.373331;186.478758;-22.256901;,
   25.552973;178.302221;-23.217926;,
   27.538986;169.954278;-25.073488;,
   28.216563;167.533978;-24.664507;,
   28.963120;165.464371;-25.704962;,
   30.416877;157.100262;-26.870643;,
   30.796090;153.254195;-27.949482;,
   33.665683;148.173517;-23.646771;,
   39.615034;140.910502;-16.312496;,
   40.470237;140.777933;-12.678970;,
   41.022938;145.748582;-2.000642;,
   42.507194;142.347034;-3.519359;,
   43.583107;139.313690;-3.904084;,
   43.052630;137.478976;-11.028118;,
   45.248512;135.427725;-6.214624;,
   46.375978;134.199910;-2.335528;,
   4.570412;219.062349;15.104859;,
   3.200432;215.194470;14.489526;,
   0.998797;219.307085;16.752173;,
   8.814951;216.015565;12.374247;,
   4.551848;213.571021;13.081268;,
   14.331760;211.242176;8.911842;,
   3.267959;211.137562;13.326515;,
   2.878803;208.935053;12.638639;,
   17.357894;207.298931;6.698499;,
   0.971803;191.057574;9.987082;,
   0.229641;206.892275;12.704066;,
   18.281029;204.979354;5.987749;,
   20.063216;203.905152;5.029438;,
   23.066349;198.827213;3.028593;,
   20.428854;191.640102;2.812619;,
   -2.831495;207.857446;13.205954;,
   -20.682174;201.039219;5.042759;,
   -23.328232;195.476109;2.809963;,
   -16.068874;209.421171;9.983049;,
   -12.984506;210.279130;11.054122;,
   -4.889282;210.755840;13.913373;,
   -5.840691;213.481421;14.412174;,
   -12.357211;213.776320;13.039062;,
   -8.695566;216.687693;15.141258;,
   -5.602254;218.583501;16.324072;,
   19.683133;281.376077;-38.336259;,
   19.714262;281.965158;-41.600160;,
   21.387730;279.504845;-41.805878;,
   20.386022;283.455770;-38.654586;,
   18.678994;283.194522;-42.731254;,
   19.845798;284.895104;-37.698666;,
   17.885741;288.060723;-39.902867;,
   20.056382;286.440704;-37.061386;,
   16.674669;289.043251;-41.952950;,
   16.861474;284.747136;-44.775533;,
   14.075827;286.227994;-45.641402;,
   18.776032;287.915750;-38.468387;,
   17.699864;287.857485;-36.336205;,
   20.486410;289.957914;-37.680032;,
   18.602976;289.175091;-40.461395;,
   19.752382;291.630797;-38.241299;,
   17.533211;291.932032;-41.729827;,
   18.429296;293.637248;-39.181942;,
   18.322166;294.657536;-40.250474;,
   13.872245;288.804531;-44.262464;,
   11.563046;286.519142;-44.040285;,
   10.443226;289.394202;-43.283658;,
   16.241867;294.699059;-46.213328;,
   16.683194;295.775206;-43.961805;,
   16.633746;296.130458;-40.914602;,
   13.322555;292.088013;-47.562368;,
   7.666738;291.556301;-46.919296;,
   11.845346;292.666086;-52.219840;,
   5.351735;290.892467;-51.525501;,
   15.308237;295.149850;-53.232822;,
   11.329550;290.694733;-55.859149;,
   5.287648;289.024640;-55.580512;,
   8.518593;286.822246;-56.781203;,
   16.509528;297.194419;-48.167270;,
   12.361774;287.935027;-56.602957;,
   18.575784;298.771456;-45.597104;,
   17.473069;298.220544;-43.571437;,
   16.428330;301.436211;-46.688813;,
   16.315416;296.764109;-42.255379;,
   16.438408;297.812198;-41.917818;,
   15.067413;297.640320;-40.808074;,
   15.621366;298.995507;-52.626362;,
   16.280909;302.992794;-48.786208;,
   14.695355;302.298163;-52.033018;,
   15.038704;304.799898;-50.195347;,
   13.696086;306.574694;-52.143795;,
   15.215120;303.596518;-53.349984;,
   16.096574;298.784922;-54.218022;,
   16.655406;301.792102;-55.149197;,
   15.607322;301.296486;-57.115661;,
   16.060870;297.665715;-55.691565;,
   16.023022;299.561984;-58.096301;,
   15.431541;295.532928;-57.511226;,
   16.166486;293.769421;-57.817664;,
   14.965787;296.960358;-58.935635;,
   14.727413;299.031219;-59.246022;,
   13.519091;299.078221;-60.279462;,
   15.322576;297.163034;-60.595661;,
   17.101032;295.719091;-61.047373;,
   16.400274;294.638643;-59.287245;,
   17.591502;293.996211;-61.976435;,
   16.731133;290.934630;-60.570048;,
   16.546482;291.499597;-63.598630;,
   16.219000;288.525286;-59.399270;,
   16.390830;289.462963;-61.632787;,
   16.579451;289.300608;-64.134586;,
   15.620182;288.152960;-62.165376;,
   15.206320;288.071475;-64.967200;,
   16.678350;285.432346;-63.859910;,
   15.970266;284.998963;-60.004218;,
   17.736514;283.730534;-63.285510;,
   12.818986;285.262003;-54.690534;,
   10.030604;283.905971;-54.569984;,
   11.134235;284.197427;-49.885949;,
   15.261874;284.565888;-56.148518;,
   16.499195;284.148045;-59.717011;,
   16.623419;282.763904;-59.299802;,
   17.984960;280.962253;-62.451085;,
   18.594464;280.110131;-60.361926;,
   16.928320;282.337818;-58.255072;,
   18.142450;279.832678;-57.534797;,
   17.321750;278.087808;-58.871917;,
   18.914635;278.160154;-57.434381;,
   16.702163;282.199270;-56.841658;,
   17.354400;280.259686;-53.675427;,
   19.133771;276.912128;-54.517210;,
   15.828650;282.904576;-50.434106;,
   17.338222;280.284672;-52.754922;,
   17.688917;277.200563;-50.492118;,
   18.521834;276.161613;-51.880515;,
   16.372864;275.118387;-49.832573;,
   17.938277;275.519437;-48.460656;,
   19.587619;276.615450;-47.107667;,
   17.181954;280.582886;-49.895725;,
   18.809320;281.457280;-44.428214;,
   21.081611;277.559757;-44.045811;,
   21.387730;279.504845;-41.805878;,
   19.714262;281.965158;-41.600160;,
   18.678994;283.194522;-42.731254;,
   16.861474;284.747136;-44.775533;,
   14.075827;286.227994;-45.641402;,
   13.271610;284.529510;-50.138355;,
   11.563046;286.519142;-44.040285;,
   12.052918;287.764173;-42.160893;,
   13.857054;282.692966;-44.378861;,
   12.588377;283.908275;-40.700768;,
   13.132207;286.882099;-45.957914;,
   13.885917;281.627955;-48.720339;,
   13.343727;286.031949;-49.897811;,
   12.748780;284.664986;-54.377779;,
   13.310544;280.493389;-53.240035;,
   12.062786;284.099456;-57.274048;,
   12.457582;279.648691;-57.022752;,
   10.746177;281.953587;-59.102810;,
   11.280618;284.260480;-58.877376;,
   10.565910;285.127526;-59.879238;,
   11.392107;278.441907;-59.196307;,
   9.534429;285.189990;-61.100038;,
   9.201540;276.314598;-60.931136;,
   10.682038;275.919974;-59.915213;,
   8.601061;281.313357;-60.953114;,
   8.470113;285.779789;-61.859168;,
   6.218597;286.213581;-62.739648;,
   7.799767;286.966528;-62.140602;,
   5.942579;280.311475;-62.349581;,
   6.705649;276.132941;-62.191789;,
   4.249041;284.283520;-63.786054;,
   3.649238;276.715930;-63.313037;,
   3.830434;274.978662;-63.694432;,
   3.645635;281.997338;-63.252538;,
   2.167217;283.279974;-64.513376;,
   1.444694;282.187162;-64.486963;,
   2.694660;273.626317;-64.791469;,
   2.174591;275.293773;-64.472448;,
   2.626776;277.408435;-63.952250;,
   3.609950;279.248768;-63.520544;,
   2.292593;278.548275;-64.073114;,
   7.541785;290.782157;-55.314573;,
   7.366156;291.387366;-52.644339;,
   7.310641;291.765965;-54.847757;,
   8.035353;293.381350;-52.351562;,
   7.243368;290.973210;-49.789146;,
   8.062758;292.777293;-49.180419;,
   9.864324;295.152538;-47.908253;,
   7.146065;289.471667;-46.468339;,
   9.617057;290.840909;-49.916323;,
   10.462742;289.393536;-46.657123;,
   8.537268;291.668403;-45.167888;,
   6.989751;288.491648;-42.191856;,
   9.593382;294.085478;-43.834125;,
   10.601214;297.671450;-45.210579;,
   7.357099;291.471744;-40.241216;,
   4.969993;288.520832;-39.894157;,
   5.111986;290.927514;-38.496730;,
   8.010454;294.231603;-40.514714;,
   10.021108;297.108480;-42.546509;,
   10.173598;300.609587;-43.221597;,
   9.147771;297.728922;-39.843984;,
   9.730063;300.993024;-42.060762;,
   9.724639;304.954035;-42.614464;,
   9.821618;301.410534;-40.831904;,
   9.610752;306.598272;-42.100250;,
   9.512258;305.484570;-41.573293;,
   11.738987;172.323674;-36.917622;,
   11.138231;191.387955;-33.090736;,
   19.519678;191.691238;-25.082674;,
   21.421070;172.541363;-29.299808;,
   12.728579;146.581402;-44.941277;,
   24.011843;146.493786;-37.360218;,
   15.213000;126.290138;-51.196445;,
   26.999350;126.671514;-43.517747;,
   17.697494;105.998861;-57.451520;,
   29.986915;106.849242;-49.675181;,
   30.964909;83.778566;-54.496595;,
   18.001893;82.076685;-62.642515;,
   31.942899;60.707898;-59.318022;,
   18.306302;58.154502;-67.833504;,
   32.920896;37.637219;-64.139437;,
   18.610712;34.232323;-73.024499;,
   33.350989;19.177456;-66.450003;,
   18.413594;12.587490;-74.886714;,
   33.781085;0.717677;-68.760589;,
   18.216472;-9.057326;-76.748973;,
   -18.555952;12.361056;-77.190368;,
   -34.106326;27.368957;-69.181747;,
   -18.796888;34.189414;-75.274445;,
   -33.699216;43.752454;-66.792902;,
   -19.037822;56.017766;-73.358534;,
   -33.292106;60.135949;-64.404058;,
   -18.427893;83.852525;-65.436198;,
