xof 0303txt 0032
template ColorRGBA {
 <35ff44e0-6c7c-11cf-8f52-0040333594a3>
 FLOAT red;
 FLOAT green;
 FLOAT blue;
 FLOAT alpha;
}

template ColorRGB {
 <d3e16e81-7835-11cf-8f52-0040333594a3>
 FLOAT red;
 FLOAT green;
 FLOAT blue;
}

template Material {
 <3d82ab4d-62da-11cf-ab39-0020af71e433>
 ColorRGBA faceColor;
 FLOAT power;
 ColorRGB specularColor;
 ColorRGB emissiveColor;
 [...]
}

template TextureFilename {
 <a42790e1-7810-11cf-8f52-0040333594a3>
 STRING filename;
}

template Frame {
 <3d82ab46-62da-11cf-ab39-0020af71e433>
 [...]
}

template Matrix4x4 {
 <f6f23f45-7686-11cf-8f52-0040333594a3>
 array FLOAT matrix[16];
}

template FrameTransformMatrix {
 <f6f23f41-7686-11cf-8f52-0040333594a3>
 Matrix4x4 frameMatrix;
}

template Vector {
 <3d82ab5e-62da-11cf-ab39-0020af71e433>
 FLOAT x;
 FLOAT y;
 FLOAT z;
}

template MeshFace {
 <3d82ab5f-62da-11cf-ab39-0020af71e433>
 DWORD nFaceVertexIndices;
 array DWORD faceVertexIndices[nFaceVertexIndices];
}

template Mesh {
 <3d82ab44-62da-11cf-ab39-0020af71e433>
 DWORD nVertices;
 array Vector vertices[nVertices];
 DWORD nFaces;
 array MeshFace faces[nFaces];
 [...]
}

template MeshMaterialList {
 <f6f23f42-7686-11cf-8f52-0040333594a3>
 DWORD nMaterials;
 DWORD nFaceIndexes;
 array DWORD faceIndexes[nFaceIndexes];
 [Material <3d82ab4d-62da-11cf-ab39-0020af71e433>]
}

template VertexElement {
 <f752461c-1e23-48f6-b9f8-8350850f336f>
 DWORD Type;
 DWORD Method;
 DWORD Usage;
 DWORD UsageIndex;
}

template DeclData {
 <bf22e553-292c-4781-9fea-62bd554bdd93>
 DWORD nElements;
 array VertexElement Elements[nElements];
 DWORD nDWords;
 array DWORD data[nDWords];
}

template XSkinMeshHeader {
 <3cf169ce-ff7c-44ab-93c0-f78f62d172e2>
 WORD nMaxSkinWeightsPerVertex;
 WORD nMaxSkinWeightsPerFace;
 WORD nBones;
}

template SkinWeights {
 <6f0d123b-bad2-4167-a0d0-80224f25fabb>
 STRING transformNodeName;
 DWORD nWeights;
 array DWORD vertexIndices[nWeights];
 array FLOAT weights[nWeights];
 Matrix4x4 matrixOffset;
}

template AnimTicksPerSecond {
 <9e415a43-7ba6-4a73-8743-b73d47e88476>
 DWORD AnimTicksPerSecond;
}

template Animation {
 <3d82ab4f-62da-11cf-ab39-0020af71e433>
 [...]
}

template AnimationSet {
 <3d82ab50-62da-11cf-ab39-0020af71e433>
 [Animation <3d82ab4f-62da-11cf-ab39-0020af71e433>]
}

template FloatKeys {
 <10dd46a9-775b-11cf-8f52-0040333594a3>
 DWORD nValues;
 array FLOAT values[nValues];
}

template TimedFloatKeys {
 <f406b180-7b3b-11cf-8f52-0040333594a3>
 DWORD time;
 FloatKeys tfkeys;
}

template AnimationKey {
 <10dd46a8-775b-11cf-8f52-0040333594a3>
 DWORD keyType;
 DWORD nKeys;
 array TimedFloatKeys keys[nKeys];
}


Material Material__327 {
 1.000000;1.000000;1.000000;1.000000;;
 10.000000;
 0.000000;0.000000;0.000000;;
 0.000000;0.000000;0.000000;;

 TextureFilename {
  "Dn_PlayerBarrier_d.tga";
 }
}

Frame root {
 

 FrameTransformMatrix {
  1.000000,0.000000,0.000000,0.000000,0.000000,1.000000,0.000000,0.000000,0.000000,0.000000,1.000000,0.000000,0.000000,0.000000,0.000000,1.000000;;
 }

 Frame Bone_PB_Root {
  

  FrameTransformMatrix {
   -1.000000,-0.000000,-0.000000,0.000000,-0.000000,1.000000,-0.000000,0.000000,0.000000,-0.000000,-1.000000,0.000000,0.000000,0.000000,0.000000,1.000000;;
  }

  Frame Bone_PB_Base {
   

   FrameTransformMatrix {
    -1.000000,0.000000,-0.000000,0.000000,0.000000,1.000000,0.000000,0.000000,0.000000,0.000000,-1.000000,0.000000,0.059418,0.000000,-0.000000,1.000000;;
   }

   Frame Bone_PB_ChainB_1_L {
    

    FrameTransformMatrix {
     -0.377872,0.923803,-0.061649,0.000000,0.920565,0.381988,0.081522,0.000000,0.098860,-0.025947,-0.994763,0.000000,683.45875,-610.24045,-0.000580,1.000000;;
    }
   }

   Frame Bone_PB_ChainB_2_L {
    

    FrameTransformMatrix {
     -0.380908,0.922713,-0.059247,0.000000,0.919401,0.384777,0.081542,0.000000,0.098036,-0.023412,-0.994907,0.000000,658.42810,-549.04672,-4.084212,1.000000;;
    }
   }

   Frame Bone_PB_ChainB_3_L {
    

    FrameTransformMatrix {
     -0.384251,0.921493,-0.056594,0.000000,0.918129,0.387844,0.081346,0.000000,0.096909,-0.020704,-0.995078,0.000000,633.12070,-487.74211,-8.020382,1.000000;;
    }
   }

   Frame Bone_PB_ChainB_4_L {
    

    FrameTransformMatrix {
     -0.388509,0.919908,-0.053208,0.000000,0.916488,0.391755,0.081105,0.000000,0.095453,-0.017254,-0.995285,0.000000,610.06163,-432.44314,-11.416530,1.000000;;
    }
   }

   Frame Bone_PB_ChainB_5_L {
    

    FrameTransformMatrix {
     -0.393376,0.918054,-0.049322,0.000000,0.914583,0.396233,0.080854,0.000000,0.093771,-0.013303,-0.995505,0.000000,580.42310,-362.265190,-15.475603,1.000000;;
    }
   }

   Frame Bone_PB_ChainB_6_L {
    

    FrameTransformMatrix {
     -0.402503,0.914455,-0.041991,0.000000,0.910929,0.404645,0.080449,0.000000,0.090558,-0.005870,-0.995874,0.000000,559.05178,-312.389325,-18.154982,1.000000;;
    }
   }

   Frame Bone_PB_ChainT_1_L {
    

    FrameTransformMatrix {
     -0.536894,-0.839391,-0.084663,0.000000,-0.843287,0.536897,0.024684,0.000000,0.024736,0.084648,-0.996104,0.000000,601.31699,1096.89498,0.000110,1.000000;;
    }
   }

   Frame Bone_PB_ChainT_1_R {
    

    FrameTransformMatrix {
     0.690065,-0.721381,-0.058483,0.000000,-0.719042,-0.692536,0.058073,0.000000,-0.082394,0.001977,-0.996598,0.000000,-866.40122,1154.92301,-0.000487,1.000000;;
    }
   }

   Frame Bone_PB_ChainB_1_R {
    

    FrameTransformMatrix {
     0.548078,0.833872,-0.065331,0.000000,0.836414,-0.545951,0.048467,0.000000,0.004748,-0.081208,-0.996686,0.000000,-721.23904,-606.27635,-0.000550,1.000000;;
    }
   }

   Frame Bone_PB_ChainB_2_R {
    

    FrameTransformMatrix {
     0.547080,0.834715,-0.062890,0.000000,0.837058,-0.544970,0.048390,0.000000,0.006118,-0.079116,-0.996847,0.000000,-686.64672,-553.64608,-4.123964,1.000000;;
    }
   }

   Frame Bone_PB_ChainB_3_R {
    

    FrameTransformMatrix {
     0.545906,0.835694,-0.060028,0.000000,0.837811,-0.543820,0.048300,0.000000,0.007720,-0.076659,-0.997027,0.000000,-657.14112,-508.62749,-7.515832,1.000000;;
    }
   }

   Frame Bone_PB_ChainB_4_R {
    

    FrameTransformMatrix {
     0.544601,0.836766,-0.056856,0.000000,0.838642,-0.542546,0.048217,0.000000,0.009500,-0.073941,-0.997218,0.000000,-621.57376,-454.17949,-11.426841,1.000000;;
    }
   }

   Frame Bone_PB_ChainB_5_R {
    

    FrameTransformMatrix {
     0.542954,0.838096,-0.052886,0.000000,0.839677,-0.540920,0.048455,0.000000,0.012003,-0.070716,-0.997424,0.000000,-594.86118,-413.136333,-14.215570,1.000000;;
    }
   }

   Frame Bone_PB_ChainB_6_R {
    

    FrameTransformMatrix {
     0.540875,0.839738,-0.047902,0.000000,0.840973,-0.538913,0.048345,0.000000,0.014782,-0.066433,-0.997681,0.000000,-556.38829,-353.750042,-17.963014,1.000000;;
    }
   }

   Frame Bone_PB_ChainB_7_R {
    

    FrameTransformMatrix {
     0.536207,0.843281,-0.036864,0.000000,0.843828,-0.534450,0.048138,0.000000,0.020892,-0.056919,-0.998160,0.000000,-527.23389,-308.486093,-20.545109,1.000000;;
    }
   }

   Frame Bone_PB_ChainT_2_L {
    

    FrameTransformMatrix {
     -0.535393,-0.840849,-0.079540,0.000000,-0.844317,0.535282,0.024527,0.000000,0.021952,0.080288,-0.996530,0.000000,563.67373,1038.04275,-5.935995,1.000000;;
    }
   }

   Frame Bone_PB_ChainT_3_L {
    

    FrameTransformMatrix {
     -0.533516,-0.842615,-0.073220,0.000000,-0.845587,0.533282,0.024352,0.000000,0.018528,0.074906,-0.997019,0.000000,530.92506,986.61005,-10.801252,1.000000;;
    }
   }

   Frame Bone_PB_ChainT_4_L {
    

    FrameTransformMatrix {
     -0.530926,-0.844952,-0.064607,0.000000,-0.847300,0.530582,0.023782,0.000000,0.014185,0.067368,-0.997627,0.000000,493.63648,927.71802,-15.918702,1.000000;;
    }
   }

   Frame Bone_PB_ChainT_5_L {
    

    FrameTransformMatrix {
     -0.528005,-0.847454,-0.055074,0.000000,-0.849193,0.527557,0.023563,0.000000,0.009086,0.059210,-0.998205,0.000000,456.65939,868.87021,-20.418419,1.000000;;
    }
   }

   Frame Bone_PB_ChainT_6_L {
    

    FrameTransformMatrix {
     -0.520952,-0.852958,-0.032744,0.000000,-0.853582,0.520441,0.023217,0.000000,-0.002762,0.040044,-0.999194,0.000000,431.29539,828.16051,-23.064003,1.000000;;
    }
   }

   Frame Bone_PB_ChainT_2_R {
    

    FrameTransformMatrix {
     0.691397,-0.720266,-0.056460,0.000000,-0.717928,-0.693698,0.057982,0.000000,-0.080929,0.000445,-0.996720,0.000000,-820.50144,1106.94016,-3.890319,1.000000;;
    }
   }

   Frame Bone_PB_ChainT_3_R {
    

    FrameTransformMatrix {
     0.692885,-0.719009,-0.054193,0.000000,-0.716678,-0.695000,0.057868,0.000000,-0.079271,-0.001257,-0.996852,0.000000,-780.68589,1065.46214,-7.141766,1.000000;;
    }
   }

   Frame Bone_PB_ChainT_4_R {
    

    FrameTransformMatrix {
     0.694810,-0.717365,-0.051243,0.000000,-0.715046,-0.696689,0.057741,0.000000,-0.077121,-0.003478,-0.997016,0.000000,-736.36230,1019.46714,-10.608578,1.000000;;
    }
   }

   Frame Bone_PB_ChainT_5_R {
    

    FrameTransformMatrix {
     0.696811,-0.715637,-0.048155,0.000000,-0.713337,-0.698449,0.057621,0.000000,-0.074869,-0.005800,-0.997177,0.000000,-686.21152,967.68838,-14.307101,1.000000;;
    }
   }

   Frame Bone_PB_ChainT_6_R {
    

    FrameTransformMatrix {
     0.698653,-0.714025,-0.045302,0.000000,-0.711750,-0.700075,0.057502,0.000000,-0.072773,-0.007931,-0.997317,0.000000,-651.52781,932.06765,-16.704125,1.000000;;
    }
   }

   Frame Bone_PB_ChainT_7_R {
    

    FrameTransformMatrix {
     0.701217,-0.711751,-0.041305,0.000000,-0.709519,-0.702347,0.057364,0.000000,-0.069839,-0.010918,-0.997498,0.000000,-619.39981,899.23270,-18.787363,1.000000;;
    }
   }

   Frame Bone_BP_Center {
    

    FrameTransformMatrix {
     1.000000,0.000000,0.000000,0.000000,0.000000,0.000000,-1.000000,0.000000,0.000000,1.000000,0.000000,0.000000,-0.604091,334.864742,1.430054,1.000000;;
    }

    Frame Bone_BP_Center_W {
     

     FrameTransformMatrix {
      1.000000,-0.000000,0.000000,0.000000,-0.000000,1.000000,0.000000,0.000000,0.000000,0.000000,1.000000,0.000000,376.455475,0.000031,0.000000,1.000000;;
     }

     Frame Bone_BP_Box_W {
      

      FrameTransformMatrix {
       0.984808,-0.000000,0.173648,0.000000,0.000000,1.000000,-0.000000,0.000000,-0.173648,0.000000,0.984808,0.000000,0.000000,0.000000,0.000000,1.000000;;
      }

      Frame Bone_PB_Link_W {
       

       FrameTransformMatrix {
        1.000000,0.000000,0.000000,0.000000,0.000000,1.000000,-0.000000,0.000000,-0.000000,-0.000000,1.000000,0.000000,210.273587,-9.009223,9.514587,1.000000;;
       }
      }
     }

     Frame Bone_PB_Face_W {
      

      FrameTransformMatrix {
       1.000000,-0.000000,0.000000,0.000000,-0.000000,1.000000,0.000000,0.000000,0.000000,0.000000,1.000000,0.000000,0.000000,-19.700565,0.000000,1.000000;;
      }
     }
    }

    Frame Bone_BP_Center_S {
     

     FrameTransformMatrix {
      1.000000,-0.000000,0.000000,0.000000,-0.000000,1.000000,0.000000,0.000000,0.000000,0.000000,1.000000,0.000000,-376.663373,0.000031,0.000000,1.000000;;
     }

     Frame Bone_BP_Box_S {
      

      FrameTransformMatrix {
       0.984808,-0.000000,0.173648,0.000000,0.000000,1.000000,-0.000000,0.000000,-0.173648,0.000000,0.984808,0.000000,0.000000,0.000000,0.000000,1.000000;;
      }

      Frame Bone_PB_Link_S {
       

       FrameTransformMatrix {
        1.000000,0.000000,0.000000,0.000000,0.000000,1.000000,-0.000000,0.000000,-0.000000,-0.000000,1.000000,0.000000,-205.362726,-7.879765,1.621216,1.000000;;
       }
      }
     }

     Frame Bone_PB_Face_S {
      

      FrameTransformMatrix {
       1.000000,-0.000000,0.000000,0.000000,-0.000000,1.000000,0.000000,0.000000,0.000000,0.000000,1.000000,0.000000,0.000000,-19.700565,0.000000,1.000000;;
      }
     }
    }
   }
  }

  Frame Bone_PB_Interactive {
   

   FrameTransformMatrix {
    -1.000000,0.000000,-0.000000,0.000000,0.000000,1.000000,0.000000,0.000000,0.000000,0.000000,-1.000000,0.000000,0.000000,0.000000,0.000000,1.000000;;
   }
  }
 }

 Frame Dn_PlayerBarrier {
  

  FrameTransformMatrix {
   1.000000,0.000000,0.000000,0.000000,0.000000,1.000000,0.000000,0.000000,0.000000,0.000000,1.000000,0.000000,0.000000,0.000000,0.000000,1.000000;;
  }

  Mesh Dn_PlayerBarrier {
   6020;
   1.412595;411.414758;-25.485650;,
   8.718489;408.953190;-25.583414;,
   1.645207;418.788531;-18.893773;,
   1.645207;418.788531;-18.893773;,
   8.718489;408.953190;-25.583414;,
   10.431348;415.189709;-19.238202;,
   431.69136;-100.324083;14.378374;,
   418.069555;-101.551827;1.478121;,
   432.01075;-99.669997;-11.923514;,
   432.01075;-99.669997;-11.923514;,
   446.24342;-102.023866;1.704704;,
   431.69136;-100.324083;14.378374;,
   447.43661;768.83334;-12.153403;,
   450.30019;783.09210;1.545021;,
   446.15866;769.45574;13.098503;,
   446.15866;769.45574;13.098503;,
   441.72861;753.87469;2.029931;,
   447.43661;768.83334;-12.153403;,
   -457.45888;744.80134;13.651894;,
   -442.69050;738.15085;0.594043;,
   -457.10170;745.04826;-12.575990;,
   -457.10170;745.04826;-12.575990;,
   -470.92221;750.43136;0.724126;,
   -457.45888;744.80134;13.651894;,
   -469.21014;-125.966246;-21.707837;,
   -457.45101;-127.509875;-16.672107;,
   -468.39491;-116.064115;-15.039630;,
   -459.97648;-119.469018;-6.649185;,
   5.814376;497.92864;-11.492353;,
   5.741277;494.70803;13.294638;,
   6.941764;525.48573;-6.694589;,
   5.798179;486.75168;-12.755192;,
   5.297155;467.91203;15.940573;,
   17.458894;144.415066;-7.233313;,
   5.923498;152.683072;-0.521971;,
   12.405220;144.679232;-5.445651;,
   46.342877;150.082803;-6.729353;,
   5.583418;161.937677;6.153852;,
   37.658093;180.501555;15.533416;,
   5.285462;174.475277;15.696211;,
   4.752462;202.199808;16.065696;,
   31.748765;207.883149;16.096870;,
   56.762662;217.035162;15.833909;,
   69.732211;190.902989;15.999986;,
   83.668992;162.744128;-6.547874;,
   68.552064;223.637350;15.323008;,
   98.903539;208.220557;15.989994;,
   118.070208;183.867187;-6.682038;,
   77.951462;231.129498;16.317797;,
   81.917760;232.622464;16.035317;,
   147.152768;212.194291;-7.061005;,
   101.851840;250.294886;16.148277;,
   124.969562;232.569190;15.826480;,
   171.237197;247.201254;-6.162204;,
   116.515392;272.105165;15.395528;,
   143.722790;260.815462;15.806451;,
   184.715302;283.079936;-6.128280;,
   126.657088;297.456870;16.386286;,
   156.117568;291.945088;15.564150;,
   190.637440;317.910656;-6.421240;,
   131.583078;322.947021;16.875984;,
   159.781901;320.502144;16.005987;,
   130.444224;346.014234;16.166707;,
   159.783040;350.788531;15.720483;,
   190.046810;355.506918;-6.403085;,
   126.630118;371.719270;16.512920;,
   181.527578;385.348762;-6.490378;,
   154.647437;380.078259;15.562405;,
   162.599322;409.520051;-8.080695;,
   142.586829;407.668582;15.550858;,
   116.625485;395.631232;15.377861;,
   144.304678;426.224102;-7.256766;,
   127.350106;432.87126;14.763411;,
   103.755910;416.940851;16.312675;,
   134.906586;439.95354;-7.012616;,
   106.352518;456.26765;15.589894;,
   87.810522;434.22704;16.164923;,
   122.274931;466.33766;-7.214192;,
   70.131782;446.81629;14.908149;,
   106.416986;488.90746;-6.645395;,
   78.510669;475.06288;15.617746;,
   88.074522;503.50512;-6.414150;,
   53.874419;454.83648;15.236926;,
   75.780352;509.81318;-6.745828;,
   53.838477;483.81046;15.258758;,
   43.191542;477.82669;15.297962;,
   29.658282;462.46253;16.911181;,
   48.693974;495.80522;8.282060;,
   41.783603;520.16832;-6.044587;,
   27.109094;492.71622;14.746027;,
   7.824560;466.67542;16.827278;,
   9.896194;526.53485;-7.027562;,
   7.894438;495.30659;15.390184;,
   5.297155;467.91203;15.940573;,
   6.941764;525.48573;-6.694589;,
   5.741277;494.70803;13.294638;,
   3.649251;481.27818;29.860794;,
   32.614618;482.12352;29.816998;,
   8.160590;489.29178;30.674291;,
   3.520875;434.40045;26.050618;,
   55.709632;470.36198;28.675386;,
   71.666643;456.08778;26.530157;,
   83.398112;445.25139;26.145792;,
   1.476048;343.510272;17.058982;,
   112.592563;351.829350;17.534594;,
   125.603136;306.269286;14.060813;,
   60.737568;231.618739;7.275490;,
   0.997210;240.178406;7.726830;,
   128.075930;256.545997;9.645409;,
   136.498778;265.767219;10.789900;,
   132.550618;257.736781;9.751456;,
   7.854579;233.008870;7.275135;,
   0.810150;229.640653;4.989730;,
   40.676000;224.655283;2.460268;,
   60.576211;231.791821;3.127731;,
   52.784947;224.318643;-4.349951;,
   27.485347;213.004070;-4.692660;,
   44.645994;214.453990;-11.066050;,
   37.443798;203.980109;-17.516261;,
   2.566910;202.933670;-10.660244;,
   0.514165;204.141504;-10.927746;,
   0.234804;197.271744;-24.213205;,
   21.443829;200.757747;-16.601110;,
   33.371590;198.732019;-21.758992;,
   23.241718;193.964198;-26.398742;,
   4.630976;194.004429;-25.342952;,
   0.180928;199.109709;-31.257235;,
   4.473998;192.196454;-31.109216;,
   12.760022;192.410688;-30.268566;,
   15.658942;194.105894;-24.958688;,
   509.52470;-78.784365;-12.316666;,
   523.21747;-79.035955;-0.707511;,
   496.84118;-81.436090;-0.735441;,
   496.83565;-81.311936;2.651220;,
   523.37994;-79.064947;2.792634;,
   512.31885;-78.582221;13.655966;,
   508.36806;-78.997382;14.097552;,
   -6.737197;200.109274;11.241246;,
   -11.362514;202.404301;15.977021;,
   -5.336000;196.187802;15.987170;,
   -4.724319;198.181082;12.546932;,
   -6.605117;174.222976;14.530715;,
   -5.198255;185.029235;-7.485951;,
   -5.424179;171.803174;-9.994974;,
   -7.057592;143.194637;-6.737023;,
   -6.909162;495.66720;13.691114;,
   -6.526325;468.20906;15.962302;,
   -6.442231;482.89821;-5.690707;,
   -6.730231;491.00205;-10.215645;,
   -7.610256;524.78758;-6.551786;,
   5.336120;161.176666;-3.816376;,
   5.250247;153.637018;-2.970180;,
   5.923498;152.683072;-0.521971;,
   5.583418;161.937677;6.153852;,
   4.916294;167.082778;-10.342490;,
   5.285462;174.475277;15.696211;,
   5.189492;184.875904;-12.095167;,
   4.427202;181.122598;-14.136208;,
   4.752462;202.199808;16.065696;,
   91.214227;318.371763;13.171213;,
   96.007296;363.620634;16.567472;,
   108.693402;324.783104;13.649803;,
   118.623987;293.285146;11.286571;,
   88.802886;282.126618;10.519342;,
   127.480755;256.006733;8.081277;,
   80.168570;252.770867;5.928559;,
   60.576211;231.791821;3.127731;,
   124.785638;249.844429;-8.760648;,
   127.480755;256.006733;8.081277;,
   118.623987;293.285146;11.286571;,
   105.873811;286.840627;-15.666016;,
   108.693402;324.783104;13.649803;,
   87.706099;327.680179;-23.214384;,
   96.007296;363.620634;16.567472;,
   86.808397;372.240717;3.868758;,
   78.550598;378.226816;-8.040382;,
   70.528134;373.738522;-30.105280;,
   73.577133;385.646874;-13.227020;,
   69.636058;394.784435;-14.862742;,
   54.766048;395.823206;-21.613858;,
   51.225555;390.000819;-29.449712;,
   41.391408;399.331098;-24.498514;,
   25.869344;402.502298;-26.153806;,
   137.111923;258.719078;-10.761905;,
   138.882534;254.678963;-7.597880;,
   135.809408;252.121165;-9.529152;,
   124.785638;249.844429;-8.760648;,
   119.455206;291.320986;-16.888613;,
   105.873811;286.840627;-15.666016;,
   100.736710;330.229683;-24.467035;,
   87.706099;327.680179;-23.214384;,
   80.957734;379.124787;-33.199818;,
   70.528134;373.738522;-30.105280;,
   55.476621;400.519808;-32.740861;,
   51.225555;390.000819;-29.449712;,
   25.869344;402.502298;-26.153806;,
   20.240387;418.631552;-29.002774;,
   17.338611;406.404045;-26.357154;,
   8.718489;408.953190;-25.583414;,
   2.160800;421.251046;-27.936310;,
   1.412595;411.414758;-25.485650;,
   138.882534;254.678963;-7.597880;,
   139.372262;254.267674;-4.638842;,
   135.809408;252.121165;-9.529152;,
   134.642778;252.432589;-4.202426;,
   124.785638;249.844429;-8.760648;,
   127.480755;256.006733;8.081277;,
   136.936243;257.348019;6.748874;,
   136.498778;265.767219;10.789900;,
   132.550618;257.736781;9.751456;,
   128.075930;256.545997;9.645409;,
   60.737568;231.618739;7.275490;,
   60.576211;231.791821;3.127731;,
   96.340301;522.49488;-2.960129;,
   93.320902;518.47987;-4.098571;,
   97.149325;519.92365;-1.605672;,
   100.167603;518.78602;0.022178;,
   103.306906;523.50163;-3.733021;,
   106.274208;516.41638;1.646040;,
   112.522381;521.22381;-3.758771;,
   110.985997;504.83126;14.516621;,
   128.474534;507.35014;11.266805;,
   131.350848;521.19152;-3.730611;,
   143.576947;519.14496;-3.845745;,
   143.198669;505.89274;8.957150;,
   178.335744;521.25837;-3.048076;,
   140.125504;487.77661;-1.247211;,
   178.948134;503.82925;12.480631;,
   190.761549;524.36330;-2.811813;,
   196.485914;511.19571;-2.647969;,
   198.977702;493.04429;-2.878840;,
   164.950003;483.77904;-3.952669;,
   183.859149;485.81805;8.945053;,
   196.307994;484.83110;-3.452989;,
   139.727923;487.20592;-4.559159;,
   167.179469;475.32477;-3.462144;,
   121.700518;488.63027;1.287573;,
   121.178726;488.18099;-5.521719;,
   118.495859;484.70214;-5.363591;,
   183.483034;471.47357;7.616040;,
   194.642202;454.19725;-2.505723;,
   119.392794;487.44989;2.134489;,
   185.890790;452.81587;10.547798;,
   169.981581;446.34467;3.521948;,
   161.869248;447.61123;-5.485649;,
   198.131776;429.54003;1.439394;,
   197.388352;429.302758;-4.799810;,
   165.021235;441.47088;5.298797;,
   158.844518;446.16397;-6.328913;,
   202.007616;425.196493;0.180947;,
   201.016550;424.777600;-3.954877;,
   188.631590;432.06742;15.382965;,
   200.403750;423.317504;0.331892;,
   198.807104;422.241818;-3.698582;,
   171.788122;425.460019;11.975469;,
   195.345779;420.436838;-2.236181;,
   193.545190;418.902733;-3.998922;,
   195.456166;420.844800;2.255080;,
   173.702886;423.653069;13.053643;,
   205.535322;408.984730;2.142960;,
   205.097690;409.219635;-2.147252;,
   216.264653;405.468723;-2.261092;,
   185.848333;405.908480;14.432061;,
   215.973043;405.269248;1.916967;,
   224.596429;407.798554;-2.119858;,
   203.903027;388.541440;13.696557;,
   225.229312;407.293056;1.823466;,
   231.523456;413.638093;-2.479053;,
   231.810125;413.472230;2.364650;,
   237.486771;401.017882;-1.245617;,
   228.379290;386.976154;6.737201;,
   237.430579;400.910592;2.336183;,
   240.125952;391.977344;-1.757932;,
   239.888640;391.828147;2.478529;,
   240.799053;381.644979;-1.970439;,
   240.689254;381.369728;2.359277;,
   239.343514;375.379251;-2.689396;,
   238.554112;372.984243;2.413655;,
   237.307110;371.520896;-3.924402;,
   235.724826;366.983014;-2.365514;,
   234.223590;365.324032;3.453504;,
   227.709440;356.778112;-2.366416;,
   226.755251;364.806861;4.394948;,
   227.740160;356.647834;2.341748;,
   210.465434;343.197338;-2.259538;,
   210.154074;343.138125;2.713166;,
   217.931981;379.608192;13.877302;,
   203.743014;349.886746;2.055439;,
   203.804198;349.776102;-2.118860;,
   202.488538;353.259546;-1.604157;,
   203.635942;356.391296;4.465282;,
   202.166259;354.070912;0.662416;,
   197.811712;355.133568;-2.206000;,
   197.259021;355.512525;2.259984;,
   157.718400;397.940710;-1.583178;,
   157.974592;397.945318;2.486163;,
   144.098176;414.635597;-1.675345;,
   172.270182;420.840371;14.384376;,
   144.142323;414.620211;2.808548;,
   167.566298;422.335053;13.046378;,
   164.029338;419.711693;10.868039;,
   154.548941;427.298739;19.629877;,
   131.199245;415.183693;5.456716;,
   130.082534;415.088614;-3.960036;,
   141.318195;426.717440;21.302232;,
   146.627072;438.91328;12.350680;,
   143.925466;446.72035;-6.355668;,
   132.766528;449.08925;-6.239544;,
   131.243238;429.226138;24.816237;,
   118.337357;417.381171;7.430835;,
   115.089190;417.195853;-3.918338;,
   130.725389;441.48058;15.819694;,
   116.987917;429.404621;27.332211;,
   95.350758;416.663270;7.147598;,
   85.522982;414.842803;-4.238682;,
   106.119987;431.47597;30.167110;,
   86.354758;415.706061;5.252112;,
   87.098541;433.41402;-4.172000;,
   118.587123;450.73606;11.861252;,
   121.705907;452.19434;-6.582938;,
   89.681146;438.62221;9.520242;,
   102.471840;445.18022;26.487955;,
   115.538022;475.71510;9.408121;,
   101.630138;464.35130;24.605179;,
   87.358790;459.04006;7.609301;,
   84.764128;469.64371;-1.043358;,
   84.364947;470.94019;-5.229271;,
   100.833798;486.99126;20.826360;,
   84.648710;475.96314;3.478248;,
   85.067232;469.47549;1.486006;,
   74.632102;478.86589;1.290483;,
   74.380211;478.87328;-1.122281;,
   74.115686;480.96845;-0.355580;,
   73.885523;480.69763;1.766333;,
   69.276710;484.33046;-0.684771;,
   87.765933;489.32858;7.195508;,
   69.048147;484.26419;1.550932;,
   105.607053;498.29206;15.847672;,
   99.383590;499.97155;9.987226;,
   103.625581;513.78150;3.710689;,
   83.622240;508.77926;13.363626;,
   75.504301;492.48992;6.016034;,
   97.104192;520.01741;1.019648;,
   100.167603;518.78602;0.022178;,
   97.149325;519.92365;-1.605672;,
   82.590189;527.09107;-1.685703;,
   82.202445;527.11565;1.061457;,
   56.398074;542.01286;-1.862431;,
   42.588250;536.10029;14.062915;,
   56.129133;542.30586;1.365512;,
   48.343766;550.74227;-1.970126;,
   67.581338;484.90797;1.591095;,
   67.673120;484.49520;-1.576652;,
   24.215982;516.88490;1.635812;,
   23.903232;516.21747;-2.069592;,
   48.797725;550.76096;1.424781;,
   35.833056;542.80410;13.880314;,
   13.867632;525.31213;1.575339;,
   13.926470;524.95197;-2.282769;,
   5.619926;535.84816;-1.946969;,
   48.509498;555.79142;1.385546;,
   47.386336;556.43795;-2.095511;,
   6.151891;535.47792;1.473643;,
   50.028234;558.02362;1.457325;,
   49.534774;559.07789;-1.950328;,
   56.069747;562.60640;-2.356222;,
   29.447149;548.18336;12.780175;,
   1.562561;547.34125;1.551568;,
   1.034885;547.57274;-2.225632;,
   29.616528;568.31706;-1.615894;,
   39.855648;558.52448;7.418368;,
   31.181965;569.01574;1.372266;,
   37.554768;573.59200;0.562004;,
   38.365440;564.18099;3.739525;,
   37.504381;573.64230;1.333993;,
   50.937898;566.08717;1.399236;,
   50.477165;566.10739;-1.926657;,
   49.740858;560.96378;3.449521;,
   56.638118;562.70963;1.882509;,
   50.148717;563.47264;2.658524;,
   116.991603;246.422451;-9.573358;,
   112.055795;242.400717;-4.469814;,
   123.098765;251.749965;-4.554214;,
   114.869453;238.795315;2.213619;,
   127.451853;248.158310;2.986330;,
   122.277594;243.461606;9.417691;,
   120.865242;222.956314;2.239714;,
   136.476634;229.732634;19.732864;,
   149.753536;246.497536;6.308490;,
   135.835315;218.854912;18.688787;,
   124.304589;210.309875;0.483953;,
   161.368422;231.775514;18.634970;,
   169.752000;243.463014;9.660762;,
   173.719629;238.746803;13.098242;,
   158.253978;216.053043;8.198362;,
   178.094042;234.091878;17.126586;,
   177.674509;226.557363;16.547245;,
   203.179712;233.738445;17.706840;,
   218.527642;245.334067;2.495213;,
   201.619200;225.368525;13.353014;,
   209.428314;231.524762;16.032002;,
   222.409370;243.299174;1.053974;,
   207.671526;226.591130;12.608838;,
   177.766515;214.703091;3.836813;,
   204.062925;216.014950;3.238288;,
   217.290342;223.667558;13.820123;,
   220.668621;226.369664;13.716832;,
   232.232960;236.685107;0.148824;,
   231.731405;226.130790;0.887042;,
   223.705549;219.710566;11.273120;,
   237.555686;201.237504;-4.065554;,
   219.513856;216.465766;12.831017;,
   222.336051;200.880704;10.821709;,
   222.210765;190.217741;9.532911;,
   238.210202;189.399565;-3.994886;,
   207.349338;194.282458;0.443629;,
   224.813363;172.457229;9.047632;,
   242.465357;170.327168;-3.184784;,
   242.230784;167.095398;-2.775219;,
   204.780838;178.906586;-3.597154;,
   203.053402;195.817165;-3.625937;,
   199.961651;217.750554;-4.344492;,
   203.485427;196.306138;-6.165280;,
   177.268403;217.835725;-6.301668;,
   204.207450;178.843622;-6.041184;,
   158.909926;216.537088;-6.836207;,
   202.953421;170.587443;-4.945992;,
   157.675840;212.342938;-5.971023;,
   225.688294;155.096486;11.713387;,
   244.265523;159.051123;-2.404533;,
   251.177574;143.065421;-2.378207;,
   237.526707;136.576026;-2.465874;,
   215.399603;134.284275;-3.546760;,
   213.084531;148.998182;8.600305;,
   197.069338;168.481229;-4.946727;,
   194.900096;136.062566;-3.868268;,
   196.827712;149.707533;6.354862;,
   188.801638;168.987277;-4.993846;,
   176.669082;151.569101;6.639050;,
   165.527872;174.742208;-7.239978;,
   173.065370;138.762150;-4.034156;,
   173.055987;138.695142;-6.380511;,
   154.601165;141.800358;-9.026528;,
   156.622451;153.926912;9.601280;,
   153.005082;140.936026;-0.947114;,
   149.825088;136.034125;-5.038062;,
   146.326349;137.116518;-4.727311;,
   153.677875;171.007680;8.226631;,
   142.336166;146.499558;-2.834356;,
   139.213683;144.097306;-5.454942;,
   135.682944;150.168870;-6.198427;,
   145.508518;149.637773;0.414337;,
   148.460634;170.183910;8.784959;,
   148.487642;185.267930;10.497672;,
   160.399258;193.523840;-5.659834;,
   143.586125;169.496525;6.166145;,
   155.847258;212.811507;8.294477;,
   142.989811;188.612070;12.540302;,
   135.569958;192.348070;9.026885;,
   90.506182;131.928115;12.476736;,
   115.258253;201.753408;0.302866;,
   123.239232;209.378637;-2.518870;,
   115.216282;201.627085;-2.968448;,
   111.854694;180.674842;5.875228;,
   111.978893;197.416064;-0.785690;,
   112.670285;197.345830;-3.242893;,
   101.092659;187.892915;-2.589711;,
   101.061427;187.974566;0.064603;,
   64.650643;155.806874;0.345729;,
   64.334566;155.961523;-2.594241;,
   52.281414;146.218266;0.137454;,
   52.204662;146.283392;-1.338942;,
   52.257149;132.740416;-3.396438;,
   52.157203;132.317005;0.418247;,
   46.532067;124.011878;-3.293619;,
   46.449184;124.196749;0.461410;,
   71.782342;114.542835;11.925995;,
   36.482512;117.646822;0.307890;,
   35.591930;117.161613;-3.325282;,
   63.208000;102.280678;12.581533;,
   26.193950;114.331162;-0.391285;,
   26.313638;114.358938;-1.690334;,
   15.685110;95.742906;-2.490758;,
   41.248842;88.983334;12.643710;,
   15.676397;95.637286;0.099401;,
   10.249768;76.393440;-2.421069;,
   30.707549;73.425280;10.904523;,
   10.004047;76.358483;0.218920;,
   9.975102;58.920134;-0.327747;,
   10.706127;58.975123;-3.175263;,
   16.317557;43.582691;-2.804054;,
   45.666774;85.874323;12.829166;,
   33.913885;60.137843;10.421570;,
   15.595242;42.838608;0.137427;,
   27.720448;25.671699;-0.995931;,
   27.064486;25.160160;-3.685825;,
   34.596858;9.659434;-3.368288;,
   43.619491;29.217091;4.618068;,
   44.698605;11.754951;1.771772;,
   40.383475;-8.702757;-3.438876;,
   47.662054;11.556754;-1.789662;,
   47.277005;11.517527;-3.587840;,
   54.479738;33.102854;-0.372413;,
   53.052413;33.544576;-3.807358;,
   54.980998;48.597293;-0.025079;,
   54.678374;48.667206;-3.643000;,
   60.203437;58.332013;0.160924;,
   59.923699;59.047757;-4.733930;,
   71.664493;64.606458;-4.577602;,
   71.570790;64.663610;-0.218147;,
   82.478355;63.822496;-3.537277;,
   83.783104;63.408742;-0.053367;,
   103.401894;84.278938;0.005540;,
   103.382035;84.312576;-3.499532;,
   106.895834;101.244032;0.053422;,
   106.762003;101.310758;-3.512453;,
   114.120576;114.951885;0.068078;,
   113.727475;114.982618;-3.759856;,
   340.193638;365.889152;2.783764;,
   340.113485;365.696870;-5.382513;,
   313.995648;364.181683;2.883672;,
   313.418982;363.869926;-5.143374;,
   297.882291;366.295219;3.138793;,
   297.474125;366.116992;-5.432784;,
   284.165402;374.341990;2.716600;,
   283.834931;374.246630;-5.357470;,
   275.043098;384.740506;-5.188038;,
   275.126272;385.259213;2.648826;,
   268.134272;398.792627;-5.298293;,
   267.944371;399.122509;2.636256;,
   246.219187;396.077645;1.760350;,
   246.153165;396.035968;-5.458921;,
   239.073997;378.851891;-5.325616;,
   239.300787;379.214771;3.081937;,
   230.179021;363.520384;3.104022;,
   230.540595;363.766118;-5.419007;,
   221.463782;353.118618;-5.480476;,
   221.101568;352.773248;2.926522;,
   209.617779;343.827482;2.592278;,
   209.374182;343.677056;-5.347209;,
   227.076531;324.375296;0.396319;,
   227.166694;323.749274;-8.662310;,
   242.785152;309.968128;-0.985853;,
   242.854989;309.935309;-10.454502;,
   261.513242;299.114138;-10.001773;,
   261.519360;299.656013;-0.866839;,
   285.840666;290.191590;-6.488976;,
   286.509696;289.636250;1.806862;,
   316.896435;321.496858;2.937998;,
   316.835610;321.994240;-5.336671;,
   318.593869;325.921664;-4.049529;,
   340.193638;365.889152;2.783764;,
   340.113485;365.696870;-5.382513;,
   479.46218;734.49421;3.781409;,
   480.65731;734.14112;1.447848;,
   479.82752;734.75885;-0.578386;,
   473.91648;735.79776;5.885167;,
   472.22563;735.39066;-5.146853;,
   463.66528;735.58758;15.466450;,
   449.80250;736.86778;3.096856;,
   466.38582;735.63507;-11.841709;,
   463.01664;736.15526;-11.713235;,
   449.40774;737.11955;0.586482;,
   -431.84854;763.96371;-13.722333;,
   -432.23747;763.85594;14.468456;,
   -433.90630;780.74765;0.450045;,
   -430.49440;748.32371;1.404009;,
   -430.55661;748.24685;-0.246060;,
   -463.34173;-134.790874;12.406916;,
   -473.18454;-119.843725;11.328242;,
   -461.77507;-121.691968;5.099069;,
   -475.74947;-122.091738;14.252240;,
   -476.52890;-135.074573;20.134670;,
   2.160800;421.251046;-27.936310;,
   2.945168;427.156198;-26.098248;,
   20.240387;418.631552;-29.002774;,
   3.340728;433.40922;-21.698976;,
   22.689077;427.077581;-21.698070;,
   55.476621;400.519808;-32.740861;,
   1.582312;428.264858;-20.402091;,
   56.630182;409.804723;-25.506021;,
   80.957734;379.124787;-33.199818;,
   21.848634;423.050957;-20.543758;,
   29.153373;438.98048;-9.815486;,
   1.882270;447.83894;-9.198061;,
   4.086050;470.28266;8.469254;,
   54.491366;406.388019;-24.347419;,
   33.178256;461.15434;8.391553;,
   8.160590;489.29178;30.674291;,
   32.614618;482.12352;29.816998;,
   55.709632;470.36198;28.675386;,
   56.490400;424.090982;-10.084738;,
   60.501933;444.76771;8.128712;,
   71.666643;456.08778;26.530157;,
   76.919744;387.164928;-25.045152;,
   77.532768;409.611546;-10.179511;,
   80.294138;430.00618;7.867197;,
   83.398112;445.25139;26.145792;,
   112.592563;351.829350;17.534594;,
   98.819142;335.508838;-17.973978;,
   125.603136;306.269286;14.060813;,
   82.364256;387.163776;-26.689424;,
   115.879450;294.559590;-10.619957;,
   136.498778;265.767219;10.789900;,
   102.427872;335.543270;-18.996427;,
   100.736710;330.229683;-24.467035;,
   119.455206;291.320986;-16.888613;,
   119.827379;295.387187;-11.577364;,
   137.111923;258.719078;-10.761905;,
   134.642778;252.432589;-4.202426;,
   136.936243;257.348019;6.748874;,
   136.964480;262.155418;-5.446130;,
   139.372262;254.267674;-4.638842;,
   138.882534;254.678963;-7.597880;,
   2.312401;297.844275;-41.454262;,
   1.973685;293.503027;-41.758320;,
   1.737077;287.300198;-39.701558;,
   2.429252;303.079859;-40.090656;,
   1.908695;311.517978;-38.250698;,
   1.706342;284.951910;-39.167971;,
   1.287336;283.334221;-36.716928;,
   1.046727;282.852378;-34.863766;,
   0.674406;277.975885;-33.332688;,
   0.997210;240.178406;7.726830;,
   0.362734;272.459981;-33.317891;,
   1.729523;322.791117;-35.254256;,
   0.035437;261.064525;-36.093546;,
   -0.269003;254.766080;-35.340086;,
   -0.406166;250.260838;-35.599590;,
   1.038108;334.323328;-33.738077;,
   -0.211002;243.417139;-33.823456;,
   0.514165;204.141504;-10.927746;,
   0.810150;229.640653;4.989730;,
   -0.350885;231.383091;-34.159757;,
   1.476048;343.510272;17.058982;,
   0.234804;197.271744;-24.213205;,
   0.180928;199.109709;-31.257235;,
   0.012048;203.502106;-33.467933;,
   -0.212282;216.189670;-36.423789;,
   0.604207;349.305139;-32.886867;,
   1.158324;372.873677;-31.389101;,
   1.291648;387.782810;-28.303629;,
   1.710119;410.141286;-20.752650;,
   1.449551;402.383949;-24.679979;,
   1.645207;418.788531;-18.893773;,
   1.936034;438.94131;-6.984938;,
   3.520875;434.40045;26.050618;,
   2.502912;460.77258;9.918278;,
   3.649251;481.27818;29.860794;,
   4.086050;470.28266;8.469254;,
   8.160590;489.29178;30.674291;,
   1.882270;447.83894;-9.198061;,
   1.582312;428.264858;-20.402091;,
   3.340728;433.40922;-21.698976;,
   2.945168;427.156198;-26.098248;,
   0.890536;420.086733;-26.630568;,
   1.412595;411.414758;-25.485650;,
   2.160800;421.251046;-27.936310;,
   -1.468679;119.571981;-2.316684;,
   -1.700558;122.586406;-2.269559;,
   -0.766002;121.321446;-0.230153;,
   -4.515910;117.400589;-5.177828;,
   -10.477562;127.252147;-6.813118;,
   -9.383498;129.447168;-4.979446;,
   -38.148605;118.880205;-12.463703;,
   -16.712424;108.577600;-5.250531;,
   -37.914272;135.150630;-14.958546;,
   -32.149210;99.767648;-5.236636;,
   -69.458656;182.461606;-4.926784;,
   -40.931686;113.416806;-10.643450;,
   -34.955773;100.567334;-5.427467;,
   -37.541002;98.411565;-5.339608;,
   -57.120269;115.055155;-4.883218;,
   -56.529754;111.470310;-5.353637;,
   -61.819533;123.692531;-3.549280;,
   -51.150374;106.525901;-7.613579;,
   -57.706758;108.170650;-5.253076;,
   -49.232890;98.879469;-5.114036;,
   -63.988544;104.088934;-4.733704;,
   -70.203987;157.202829;-13.261150;,
   -67.411046;161.310579;-15.594171;,
   -83.190470;147.107507;-5.522761;,
   -86.365926;143.377446;-3.122595;,
   -69.145075;166.929715;-13.145182;,
   -73.012109;166.224486;-15.687072;,
   -85.084992;154.684877;-7.685894;,
   -79.906464;172.377459;-16.144216;,
   -72.637645;183.079654;-6.035437;,
   -73.674598;186.309222;-4.666659;,
   -89.164934;199.384653;-4.938598;,
   -86.437530;143.653722;-6.624474;,
   -87.660902;141.140454;-3.272892;,
   -89.688704;151.135360;-10.420109;,
   -90.804448;140.403840;-5.946673;,
   -93.265498;138.401882;-0.695483;,
   -92.233446;167.244237;-10.656681;,
   -95.979136;137.832205;-5.918838;,
   -96.076083;137.303258;-1.494927;,
   -98.865926;148.727949;-11.338489;,
   -105.989638;141.368781;-6.892760;,
   -106.448006;140.569651;-1.161268;,
   -140.060787;137.205094;-3.810470;,
   -101.607450;161.775757;-16.703138;,
   -109.603635;161.412736;-16.369528;,
   -108.206848;195.641254;-14.834414;,
   -110.389248;179.563584;-17.006904;,
   -106.785850;166.505869;-17.787813;,
   -113.762880;204.574323;-16.882718;,
   -89.684339;222.407424;-3.718738;,
   -112.567706;191.486963;-16.286896;,
   -115.258010;179.218522;-10.083386;,
   -115.842278;173.972224;-5.023652;,
   -116.865037;172.044646;-4.683230;,
   -116.880397;179.583910;-5.141450;,
   -141.995571;156.290547;-15.043498;,
   -145.060058;171.521830;-4.684010;,
   -166.438054;152.161715;-15.513810;,
   -168.131213;132.419482;-3.575865;,
   -171.489139;171.509261;-4.785517;,
   -185.700429;150.196275;-18.476496;,
   -191.672320;136.863040;-9.795765;,
   -183.716006;130.922445;-2.814021;,
   -191.594714;136.950682;3.232887;,
   -205.229696;147.518515;-3.481779;,
   -189.568883;166.231808;-15.877862;,
   -175.521254;179.611162;-5.437952;,
   -196.086515;167.815872;-12.298285;,
   -206.337766;155.973389;-3.980462;,
   -187.892506;190.720730;-16.954115;,
   -175.181478;188.673446;-5.900340;,
   -171.408358;206.012979;-7.006445;,
   -201.155162;188.492429;-5.087166;,
   -201.645824;188.438848;-2.830697;,
   -191.271142;191.272486;-15.267419;,
   -199.305933;225.154227;-6.358179;,
   -200.276186;225.711590;-1.878119;,
   -171.993421;209.781069;-10.011983;,
   -168.194803;211.155405;-7.034756;,
   -182.598720;220.805811;-21.343158;,
   -189.234790;223.916416;-17.634174;,
   -169.032986;212.135539;-10.621206;,
   -159.851328;212.352230;-7.088866;,
   -172.893466;222.529971;-18.695112;,
   -158.026611;212.528614;-10.010793;,
   -140.806234;213.092557;-7.142592;,
   -183.262502;234.179149;-10.889587;,
   -148.626906;219.813274;-16.942850;,
   -141.172109;213.204416;-9.082872;,
   -129.270707;213.199590;-8.323819;,
   -128.898317;212.835046;-5.738493;,
   -141.798387;219.012659;-15.892301;,
   -122.626202;211.049498;-9.032777;,
   -122.469312;210.493850;-6.036520;,
   -132.198912;218.566528;-15.117522;,
   -120.199002;192.805043;-5.590747;,
   -140.063974;222.095744;-15.626651;,
   -118.130061;191.691686;-10.309448;,
   -115.851520;204.967718;-16.614650;,
   -119.176717;217.579494;-18.749355;,
   -116.586445;220.335078;-20.139357;,
   -131.896576;220.772224;-15.630096;,
   -135.984883;235.349811;-5.438208;,
   -124.371622;237.049958;-3.928927;,
   -163.470221;260.471706;-3.211601;,
   -109.404557;242.538931;-1.725486;,
   -202.970586;273.562522;-14.121922;,
   -186.194547;287.799475;-2.447872;,
   -192.658240;300.645837;-2.561923;,
