xof 0303txt 0032
template VertexDuplicationIndices {
 <b8d65549-d7c9-4995-89cf-53a9a8b031e3>
 DWORD nIndices;
 DWORD nOriginalVertices;
 array DWORD indices[nIndices];
}

template EffectParamDWord {
 <e13963bc-ae51-4c5d-b00f-cfa3a9d97ce5>
 STRING ParamName;
 DWORD Value;
}

template FVFData {
 <b6e70a0e-8ef9-4e83-94ad-ecc8b0c04897>
 DWORD dwFVF;
 DWORD nDWords;
 array DWORD data[nDWords];
}

template EffectFloats {
 <f1cfe2b3-0de3-4e28-afa1-155a750a282d>
 DWORD nFloats;
 array FLOAT Floats[nFloats];
}

template EffectString {
 <d55b097e-bdb6-4c52-b03d-6051c89d0e42>
 STRING Value;
}

template EffectDWord {
 <622c0ed0-956e-4da9-908a-2af94f3ce716>
 DWORD Value;
}

template EffectInstance {
 <e331f7e4-0559-4cc2-8e99-1cec1657928f>
 STRING EffectFilename;
 [...]
}

template AnimTicksPerSecond {
 <9e415a43-7ba6-4a73-8743-b73d47e88476>
 DWORD AnimTicksPerSecond;
}

template VertexElement {
 <f752461c-1e23-48f6-b9f8-8350850f336f>
 DWORD Type;
 DWORD Method;
 DWORD Usage;
 DWORD UsageIndex;
}

template DeclData {
 <bf22e553-292c-4781-9fea-62bd554bdd93>
 DWORD nElements;
 array VertexElement Elements[nElements];
 DWORD nDWords;
 array DWORD data[nDWords];
}

template EffectParamFloats {
 <3014b9a0-62f5-478c-9b86-e4ac9f4e418b>
 STRING ParamName;
 DWORD nFloats;
 array FLOAT Floats[nFloats];
}

template EffectParamString {
 <1dbc4c88-94c1-46ee-9076-2c28818c9481>
 STRING ParamName;
 STRING Value;
}


AnimTicksPerSecond {
 4800;
}

Frame root {
 

 FrameTransformMatrix {
  1.000000,0.000000,0.000000,0.000000,0.000000,1.000000,0.000000,0.000000,0.000000,0.000000,1.000000,0.000000,0.000000,0.000000,0.000000,1.000000;;
 }

 Frame Bone_SH_Root {
  

  FrameTransformMatrix {
   -1.000000,0.000000,0.000000,0.000000,0.000000,1.000000,0.000000,0.000000,0.000000,0.000000,-1.000000,0.000000,0.000000,0.000000,0.000000,1.000000;;
  }

  Frame Bone_SH_Base {
   

   FrameTransformMatrix {
    -1.000000,0.000000,0.000000,0.000000,0.000000,1.000000,0.000000,0.000000,0.000000,0.000000,-1.000000,0.000000,0.059418,0.000000,0.000000,1.000000;;
   }

   Frame Bone_SH_001 {
    

    FrameTransformMatrix {
     -0.544190,0.000269,-0.838962,0.000000,-0.468635,0.829347,0.304244,0.000000,0.695873,0.558734,-0.451196,0.000000,-58.548634,35.000088,36.165340,1.000000;;
    }
   }

   Frame Bone_SH_002 {
    

    FrameTransformMatrix {
     -0.719038,-0.000116,-0.694971,0.000000,-0.389641,0.828115,0.402996,0.000000,0.575469,0.560559,-0.595491,0.000000,-40.353130,35.000053,57.786438,1.000000;;
    }
   }

   Frame Bone_SH_003 {
    

    FrameTransformMatrix {
     -0.870682,-0.000055,-0.491845,0.000000,-0.270357,0.835429,0.478502,0.000000,0.410876,0.549598,-0.727408,0.000000,-17.933762,34.999985,74.965965,1.000000;;
    }
   }

   Frame Bone_SH_004 {
    

    FrameTransformMatrix {
     -0.977972,0.000007,-0.208739,0.000000,-0.113451,0.839386,0.531564,0.000000,0.175216,0.543536,-0.820894,0.000000,8.562767,35.000046,84.585869,1.000000;;
    }
   }

   Frame Bone_SH_005 {
    

    FrameTransformMatrix {
     -0.999913,0.000040,0.013142,0.000000,0.007580,0.818649,0.574244,0.000000,-0.010735,0.574294,-0.818578,0.000000,36.685272,34.999969,87.422523,1.000000;;
    }
   }

   Frame Bone_SH_006 {
    

    FrameTransformMatrix {
     -0.962029,-0.000091,0.272945,0.000000,0.150127,0.834971,0.529419,0.000000,-0.227949,0.550294,-0.803253,0.000000,64.622894,35.000153,83.339668,1.000000;;
    }
   }

   Frame Bone_SH_007 {
    

    FrameTransformMatrix {
     -0.850649,0.000302,0.525733,0.000000,0.315187,0.800654,0.509520,0.000000,-0.420776,0.599127,-0.681170,0.000000,90.439392,34.999969,71.946312,1.000000;;
    }
   }

   Frame Bone_SH_008 {
    

    FrameTransformMatrix {
     -0.734404,0.004884,0.678696,0.000000,0.447229,0.755660,0.478501,0.000000,-0.510526,0.654945,-0.557144,0.000000,112.776901,34.937321,54.600151,1.000000;;
    }
   }

   Frame Bone_SH_009 {
    

    FrameTransformMatrix {
     -0.614155,-0.000621,0.789185,0.000000,0.512857,0.759743,0.399710,0.000000,-0.599826,0.650223,-0.466282,0.000000,131.975891,34.847618,33.807121,1.000000;;
    }
   }

   Frame Bone_SH_010 {
    

    FrameTransformMatrix {
     -0.421471,-0.028168,0.906404,0.000000,0.593222,0.747425,0.299071,0.000000,-0.685894,0.663749,-0.298308,0.000000,146.905914,35.121803,9.811486,1.000000;;
    }
   }

   Frame Bone_SH_011 {
    

    FrameTransformMatrix {
     -0.268249,-0.050583,0.962021,0.000000,0.699471,0.676433,0.230607,0.000000,-0.662407,0.734765,-0.146071,0.000000,156.391235,36.378372,-16.815479,1.000000;;
    }
   }

   Frame Bone_SH_012 {
    

    FrameTransformMatrix {
     -0.196345,-0.015007,0.980420,0.000000,0.719371,0.677241,0.154432,0.000000,-0.666298,0.735608,-0.122177,0.000000,162.858185,37.469074,-44.377838,1.000000;;
    }
   }

   Frame Bone_SH_013 {
    

    FrameTransformMatrix {
     -0.054455,0.093772,0.994104,0.000000,0.817605,0.575701,-0.009517,0.000000,-0.573198,0.812266,-0.108018,0.000000,167.270081,36.321732,-72.298950,1.000000;;
    }
   }

   Frame Bone_SH_014 {
    

    FrameTransformMatrix {
     0.011123,0.335175,0.942091,0.000000,0.918852,0.368223,-0.141854,0.000000,-0.394445,0.867220,-0.303880,0.000000,166.284149,30.948986,-99.971725,1.000000;;
    }
   }

   Frame Bone_SH_015 {
    

    FrameTransformMatrix {
     -0.274191,0.594419,0.755966,0.000000,0.961550,0.156783,0.225478,0.000000,0.015506,0.788724,-0.614552,0.000000,170.786880,17.310402,-124.034187,1.000000;;
    }
   }

   Frame Bone_SH_016 {
    

    FrameTransformMatrix {
     -0.372335,0.718215,0.587820,0.000000,0.902491,0.132433,0.409843,0.000000,0.216508,0.683101,-0.697492,0.000000,180.065628,-1.495055,-142.968979,1.000000;;
    }
   }

   Frame Bone_SH_017 {
    

    FrameTransformMatrix {
     -0.408053,0.759479,0.506641,0.000000,0.855431,0.124189,0.502806,0.000000,0.318951,0.638568,-0.700357,0.000000,186.796432,-14.252997,-152.436981,1.000000;;
    }
   }

   Frame Bone_SH_018 {
    

    FrameTransformMatrix {
     -0.408098,0.759528,0.506531,0.000000,0.855357,0.124179,0.502935,0.000000,0.319092,0.638512,-0.700345,0.000000,186.810272,-14.278534,-152.454102,1.000000;;
    }
   }

   Frame Bone_SH_019 {
    

    FrameTransformMatrix {
     -0.408098,0.759528,0.506531,0.000000,0.855357,0.124178,0.502936,0.000000,0.319094,0.638512,-0.700344,0.000000,186.810196,-14.278595,-152.454071,1.000000;;
    }
   }

   Frame Bone_SH_020 {
    

    FrameTransformMatrix {
     -0.408098,0.759528,0.506531,0.000000,0.855357,0.124178,0.502936,0.000000,0.319094,0.638512,-0.700344,0.000000,186.810211,-14.278411,-152.454041,1.000000;;
    }
   }

   Frame Bone_SH_021 {
    

    FrameTransformMatrix {
     -0.408098,0.759527,0.506532,0.000000,0.855357,0.124178,0.502936,0.000000,0.319094,0.638513,-0.700344,0.000000,186.810257,-14.278458,-152.454071,1.000000;;
    }
   }

   Frame Bone_SH_022 {
    

    FrameTransformMatrix {
     -0.408098,0.759528,0.506532,0.000000,0.855357,0.124176,0.502937,0.000000,0.319095,0.638513,-0.700343,0.000000,186.810211,-14.278411,-152.454041,1.000000;;
    }
   }

   Frame Bone_SH_023 {
    

    FrameTransformMatrix {
     -0.408097,0.759528,0.506531,0.000000,0.855356,0.124176,0.502937,0.000000,0.319096,0.638512,-0.700343,0.000000,186.810226,-14.278458,-152.454071,1.000000;;
    }
   }

   Frame Bone_SH_024 {
    

    FrameTransformMatrix {
     -0.408097,0.759527,0.506532,0.000000,0.855356,0.124176,0.502936,0.000000,0.319095,0.638513,-0.700342,0.000000,186.810287,-14.278491,-152.454117,1.000000;;
    }
   }

   Frame Bone_SH_025 {
    

    FrameTransformMatrix {
     -0.281801,0.000106,-0.959473,0.000000,-0.503452,0.851260,0.147960,0.000000,0.816776,0.524744,-0.239833,0.000000,-70.358879,35.000088,10.549690,1.000000;;
    }
   }

   Frame Bone_SH_026 {
    

    FrameTransformMatrix {
     -0.026926,-0.000013,0.999637,0.000000,0.551295,0.834178,0.014860,0.000000,-0.833876,0.551495,-0.022454,0.000000,113.745682,35.000088,-61.350727,1.000000;;
    }
   }

   Frame Bone_SH_027 {
    

    FrameTransformMatrix {
     0.283692,-0.000012,0.958915,0.000000,0.520106,0.840129,-0.153861,0.000000,-0.805611,0.542387,0.238344,0.000000,109.781731,35.000053,-89.245934,1.000000;;
    }
   }

   Frame Bone_SH_028 {
    

    FrameTransformMatrix {
     0.487913,0.000108,0.872892,0.000000,0.501785,0.818222,-0.280580,0.000000,-0.714250,0.574903,0.399167,0.000000,98.812958,34.999985,-115.296295,1.000000;;
    }
   }

   Frame Bone_SH_029 {
    

    FrameTransformMatrix {
     0.696294,-0.000129,0.717757,0.000000,0.395349,0.834698,-0.383377,0.000000,-0.599061,0.550708,0.581245,0.000000,81.955658,35.000046,-137.946671,1.000000;;
    }
   }

   Frame Bone_SH_030 {
    

    FrameTransformMatrix {
     0.866160,0.000312,0.499766,0.000000,0.295922,0.805528,-0.513375,0.000000,-0.402737,0.592558,0.697624,0.000000,59.700012,34.999969,-155.296371,1.000000;;
    }
   }

   Frame Bone_SH_031 {
    

    FrameTransformMatrix {
     0.949813,0.004642,0.312781,0.000000,0.200034,0.759725,-0.618711,0.000000,-0.240500,0.650227,0.720669,0.000000,33.757740,34.951916,-166.535950,1.000000;;
    }
   }

   Frame Bone_SH_032 {
    

    FrameTransformMatrix {
     0.987604,0.000571,0.156967,0.000000,0.102025,0.757615,-0.644679,0.000000,-0.119288,0.652703,0.748165,0.000000,6.265366,34.847797,-173.258301,1.000000;;
    }
   }

   Frame Bone_SH_033 {
    

    FrameTransformMatrix {
     0.997943,-0.021863,-0.060273,0.000000,-0.023351,0.751567,-0.659243,0.000000,0.059712,0.659294,0.749510,0.000000,-21.957981,35.042828,-174.882080,1.000000;;
    }
   }

   Frame Bone_SH_034 {
    

    FrameTransformMatrix {
     0.970157,-0.050935,-0.237069,0.000000,-0.137952,0.688102,-0.712380,0.000000,0.199412,0.723824,0.660540,0.000000,-49.846104,36.218956,-170.310272,1.000000;;
    }
   }

   Frame Bone_SH_035 {
    

    FrameTransformMatrix {
     0.948937,-0.022655,-0.314653,0.000000,-0.219045,0.670459,-0.708874,0.000000,0.227021,0.741600,0.631261,0.000000,-77.013123,37.409798,-162.362411,1.000000;;
    }
   }

   Frame Bone_SH_036 {
    

    FrameTransformMatrix {
     0.903022,0.081588,-0.421775,0.000000,-0.381590,0.603324,-0.700279,0.000000,0.197333,0.793312,0.575948,0.000000,-103.566971,36.591427,-152.593567,1.000000;;
    }
   }

   Frame Bone_SH_037 {
    

    FrameTransformMatrix {
     0.805425,0.295915,-0.513541,0.000000,-0.592691,0.398076,-0.700180,0.000000,-0.002765,0.868314,0.496006,0.000000,-127.318222,31.934464,-138.097092,1.000000;;
    }
   }

   Frame Bone_SH_038 {
    

    FrameTransformMatrix {
     0.802101,0.574318,-0.163687,0.000000,-0.307392,0.162058,-0.937681,0.000000,-0.512000,0.802431,0.306528,0.000000,-150.439240,19.136803,-128.885803,1.000000;;
    }
   }

   Frame Bone_SH_039 {
    

    FrameTransformMatrix {
     0.705521,0.708565,0.013241,0.000000,-0.116384,0.134274,-0.984086,0.000000,-0.699066,0.692753,0.177199,0.000000,-171.775482,0.734639,-126.912224,1.000000;;
    }
   }

   Frame Bone_SH_040 {
    

    FrameTransformMatrix {
     0.644099,0.758587,0.098404,0.000000,0.005106,0.124376,-0.992222,0.000000,-0.764926,0.639591,0.076237,0.000000,-185.204865,-13.875567,-128.024780,1.000000;;
    }
   }

   Frame Bone_SH_041 {
    

    FrameTransformMatrix {
     0.642714,0.759528,0.100178,0.000000,0.007908,0.124179,-0.992228,0.000000,-0.766066,0.638511,0.073805,0.000000,-185.549072,-14.278565,-128.075485,1.000000;;
    }
   }

   Frame Bone_SH_042 {
    

    FrameTransformMatrix {
     0.642715,0.759528,0.100178,0.000000,0.007908,0.124178,-0.992228,0.000000,-0.766065,0.638512,0.073805,0.000000,-185.549072,-14.278626,-128.075470,1.000000;;
    }
   }

   Frame Bone_SH_043 {
    

    FrameTransformMatrix {
     0.642714,0.759528,0.100178,0.000000,0.007907,0.124179,-0.992228,0.000000,-0.766065,0.638512,0.073806,0.000000,-185.549133,-14.278534,-128.075516,1.000000;;
    }
   }

   Frame Bone_SH_044 {
    

    FrameTransformMatrix {
     0.642715,0.759528,0.100178,0.000000,0.007908,0.124178,-0.992228,0.000000,-0.766065,0.638512,0.073805,0.000000,-185.549072,-14.278595,-128.075470,1.000000;;
    }
   }

   Frame Bone_SH_045 {
    

    FrameTransformMatrix {
     0.642715,0.759528,0.100178,0.000000,0.007908,0.124178,-0.992228,0.000000,-0.766065,0.638512,0.073805,0.000000,-185.549072,-14.278411,-128.075516,1.000000;;
    }
   }

   Frame Bone_SH_046 {
    

    FrameTransformMatrix {
     0.642715,0.759528,0.100177,0.000000,0.007908,0.124177,-0.992228,0.000000,-0.766065,0.638512,0.073804,0.000000,-185.549088,-14.278458,-128.075516,1.000000;;
    }
   }

   Frame Bone_SH_047 {
    

    FrameTransformMatrix {
     0.642715,0.759528,0.100177,0.000000,0.007909,0.124177,-0.992229,0.000000,-0.766065,0.638512,0.073803,0.000000,-185.549057,-14.278411,-128.075516,1.000000;;
    }
   }

   Frame Bone_SH_048 {
    

    FrameTransformMatrix {
     0.642715,0.759528,0.100177,0.000000,0.007909,0.124177,-0.992229,0.000000,-0.766065,0.638512,0.073803,0.000000,-185.549072,-14.278458,-128.075516,1.000000;;
    }
   }

   Frame Bone_SH_049 {
    

    FrameTransformMatrix {
     0.642714,0.759528,0.100177,0.000000,0.007910,0.124176,-0.992229,0.000000,-0.766065,0.638512,0.073802,0.000000,-185.549149,-14.278491,-128.075531,1.000000;;
    }
   }

   Frame Bone_SH_050 {
    

    FrameTransformMatrix {
     -0.262513,-0.000085,0.964928,0.000000,0.544907,0.825274,0.148317,0.000000,-0.796343,0.564732,-0.216599,0.000000,109.317200,35.000088,-33.443542,1.000000;;
    }
   }

   Frame Bone_SH_051 {
    

    FrameTransformMatrix {
     0.882454,0.000496,0.470399,0.000000,0.218327,0.885335,-0.410508,0.000000,-0.416664,0.464955,0.781158,0.000000,32.579948,35.000088,-112.917160,1.000000;;
    }
   }

   Frame Bone_SH_052 {
    

    FrameTransformMatrix {
     0.978952,0.000037,0.204087,0.000000,0.107268,0.850639,-0.514691,0.000000,-0.173623,0.525751,0.832731,0.000000,6.117736,35.000053,-122.695549,1.000000;;
    }
   }

   Frame Bone_SH_053 {
    

    FrameTransformMatrix {
     0.996571,0.000275,-0.082735,0.000000,-0.046898,0.825695,-0.562164,0.000000,0.068159,0.564117,0.822877,0.000000,-22.041550,34.999985,-124.378822,1.000000;;
    }
   }

   Frame Bone_SH_054 {
    

    FrameTransformMatrix {
     0.955195,-0.000135,-0.295977,0.000000,-0.164745,0.830530,-0.532052,0.000000,0.245890,0.556974,0.793296,0.000000,-49.743103,35.000046,-118.749985,1.000000;;
    }
   }

   Frame Bone_SH_055 {
    

    FrameTransformMatrix {
     0.840840,-0.000090,-0.541285,0.000000,-0.296544,0.836499,-0.460794,0.000000,0.452826,0.547968,0.703334,0.000000,-75.493782,34.999969,-107.178955,1.000000;;
    }
   }

   Frame Bone_SH_056 {
    

    FrameTransformMatrix {
     0.651347,0.000037,-0.758780,0.000000,-0.414369,0.837738,-0.355659,0.000000,0.635646,0.546072,0.545674,0.000000,-96.478668,35.000153,-88.333923,1.000000;;
    }
   }

   Frame Bone_SH_057 {
    

    FrameTransformMatrix {
     0.463374,-0.000028,-0.886162,0.000000,-0.507453,0.819798,-0.265373,0.000000,0.726482,0.572653,0.379859,0.000000,-112.421005,34.999969,-64.996315,1.000000;;
    }
   }

   Frame Bone_SH_058 {
    

    FrameTransformMatrix {
     0.214993,-0.000032,-0.976616,0.000000,-0.538753,0.834070,-0.118628,0.000000,0.814569,0.551659,0.179302,0.000000,-122.084686,35.000000,-38.467789,1.000000;;
    }
   }

   Frame Bone_SH_059 {
    

    FrameTransformMatrix {
     -0.058628,0.000292,-0.998280,0.000000,-0.604805,0.795571,0.035752,0.000000,0.794213,0.605860,-0.046466,0.000000,-124.269394,35.000122,-10.332663,1.000000;;
    }
   }

   Frame Bone_SH_060 {
    

    FrameTransformMatrix {
     -0.237056,0.004934,-0.971483,0.000000,-0.639292,0.752172,0.159817,0.000000,0.731511,0.658948,-0.175153,0.000000,-119.839706,34.922470,17.607819,1.000000;;
    }
   }

   Frame Bone_SH_061 {
    

    FrameTransformMatrix {
     -0.395394,-0.001940,-0.918509,0.000000,-0.596239,0.761212,0.255058,0.000000,0.698686,0.648500,-0.302135,0.000000,-110.941628,34.851040,44.471626,1.000000;;
    }
   }

   Frame Bone_SH_062 {
    

    FrameTransformMatrix {
     -0.594564,-0.033314,-0.803357,0.000000,-0.552661,0.742636,0.378228,0.000000,0.584002,0.668866,-0.459956,0.000000,-97.006050,35.218781,69.048622,1.000000;;
    }
   }

   Frame Bone_SH_063 {
    

    FrameTransformMatrix {
     -0.706908,-0.049598,-0.705564,0.000000,-0.550998,0.664083,0.505366,0.000000,0.443488,0.746012,-0.496774,0.000000,-78.316780,36.535889,90.261803,1.000000;;
    }
   }

   Frame Bone_SH_064 {
    

    FrameTransformMatrix {
     -0.754440,-0.005883,-0.656342,0.000000,-0.482748,0.682490,0.548783,0.000000,0.444718,0.730872,-0.517738,0.000000,-57.525486,37.501858,109.484322,1.000000;;
    }
   }

   Frame Bone_SH_065 {
    

    FrameTransformMatrix {
     -0.849598,0.107662,-0.516325,0.000000,-0.382054,0.549274,0.743190,0.000000,0.363617,0.828678,-0.425530,0.000000,-35.276646,36.011185,126.863708,1.000000;;
    }
   }

   Frame Bone_SH_066 {
    

    FrameTransformMatrix {
     -0.788114,0.374016,-0.488864,0.000000,-0.376732,0.334986,0.863630,0.000000,0.486774,0.864810,-0.123104,0.000000,-10.933294,29.840019,139.665283,1.000000;;
    }
   }

   Frame Bone_SH_067 {
    

    FrameTransformMatrix {
     -0.493407,0.612756,-0.617316,0.000000,-0.692433,0.152799,0.705116,0.000000,0.526389,0.775359,0.348901,0.000000,6.720874,15.424158,156.043350,1.000000;;
    }
   }

   Frame Bone_SH_068 {
    

    FrameTransformMatrix {
     -0.305187,0.727135,-0.614928,0.000000,-0.817832,0.130686,0.560421,0.000000,0.487864,0.673941,0.554791,0.000000,17.882069,-3.753628,173.546692,1.000000;;
    }
   }

   Frame Bone_SH_069 {
    

    FrameTransformMatrix {
     -0.234618,0.759529,-0.606689,0.000000,-0.863235,0.124177,0.489290,0.000000,0.446966,0.638512,0.626518,0.000000,21.743057,-14.278595,182.207840,1.000000;;
    }
   }

   Frame Bone_SH_070 {
    

    FrameTransformMatrix {
     -0.234618,0.759529,-0.606689,0.000000,-0.863236,0.124177,0.489290,0.000000,0.446966,0.638511,0.626518,0.000000,21.743011,-14.278411,182.207840,1.000000;;
    }
   }

   Frame Bone_SH_071 {
    

    FrameTransformMatrix {
     -0.234618,0.759529,-0.606689,0.000000,-0.863236,0.124177,0.489290,0.000000,0.446966,0.638511,0.626518,0.000000,21.743027,-14.278458,182.207886,1.000000;;
    }
   }

   Frame Bone_SH_072 {
    

    FrameTransformMatrix {
     -0.234618,0.759529,-0.606688,0.000000,-0.863236,0.124176,0.489289,0.000000,0.446965,0.638511,0.626519,0.000000,21.743015,-14.278411,182.207840,1.000000;;
    }
   }

   Frame Bone_SH_073 {
    

    FrameTransformMatrix {
     -0.234618,0.759529,-0.606688,0.000000,-0.863236,0.124175,0.489288,0.000000,0.446965,0.638511,0.626519,0.000000,21.743029,-14.278458,182.207886,1.000000;;
    }
   }

   Frame Bone_SH_074 {
    

    FrameTransformMatrix {
     -0.234618,0.759529,-0.606688,0.000000,-0.863237,0.124175,0.489288,0.000000,0.446963,0.638511,0.626519,0.000000,21.743040,-14.278491,182.207947,1.000000;;
    }
   }

   Frame Bone_SH_075 {
    

    FrameTransformMatrix {
     0.688442,0.001303,0.725290,0.000000,0.241945,0.942307,-0.231346,0.000000,-0.683747,0.334749,0.648408,0.000000,55.347168,35.000080,-96.330421,1.000000;;
    }
   }
  }

  Frame Bone_SH_Interactive {
   

   FrameTransformMatrix {
    1.000000,0.000000,0.000000,0.000000,0.000000,1.000000,0.000000,0.000000,0.000000,0.000000,1.000000,0.000000,0.000000,0.000000,0.000000,1.000000;;
   }
  }
 }

 Frame Dn_SerpentHole {
  

  FrameTransformMatrix {
   1.000000,0.000000,0.000000,0.000000,0.000000,1.000000,0.000000,0.000000,0.000000,0.000000,1.000000,0.000000,0.000000,0.000000,0.000000,1.000000;;
  }

  Mesh Dn_SerpentHole {
   5599;
   30.397095;31.658157;-340.601013;,
   32.442474;-8.637567;-339.592590;,
   -0.321030;-6.810959;-418.036377;,
   -0.321030;-6.810959;-418.036377;,
   -0.604843;31.658144;-418.047119;,
   30.397095;31.658157;-340.601013;,
   -32.294083;33.524498;-340.530884;,
   -0.604843;31.658144;-418.047119;,
   -0.321030;-6.810959;-418.036377;,
   -0.321030;-6.810959;-418.036377;,
   -33.744659;-8.637567;-339.879395;,
   -32.294083;33.524498;-340.530884;,
   318.108154;32.480530;182.695526;,
   259.843201;32.480530;171.357330;,
   259.767639;-6.263046;171.194717;,
   259.767639;-6.263046;171.194717;,
   318.369385;-6.002087;182.666046;,
   318.108154;32.480530;182.695526;,
   318.369385;-6.002087;182.666046;,
   283.112793;-6.512600;134.729935;,
   282.363342;32.480522;135.234497;,
   282.363342;32.480522;135.234497;,
   318.108154;32.480530;182.695526;,
   318.369385;-6.002087;182.666046;,
   259.767639;-6.263046;171.194717;,
   283.112793;-6.512600;134.729935;,
   318.369385;-6.002087;182.666046;,
   241.276230;102.488213;-132.057739;,
   239.565231;103.557442;-134.836594;,
   240.077438;99.118561;-136.345474;,
   -161.074783;9.266170;329.201172;,
   -163.028366;7.549790;326.063538;,
   -160.379929;14.577576;319.825378;,
   159.038712;14.577576;319.825378;,
   162.376389;8.255014;326.283508;,
   160.294022;9.715293;329.249695;,
   6.849274;104.122116;249.412888;,
   6.512634;102.346924;247.007751;,
   3.797089;102.322464;245.087875;,
   -261.222992;-5.833000;171.985474;,
   -259.793060;32.736713;171.396225;,
   -319.893127;31.029217;182.263260;,
   -261.222992;-5.833000;171.985474;,
   -319.893127;31.029217;182.263260;,
   -319.979584;-6.002087;182.317703;,
   -319.893127;31.029217;182.263260;,
   -283.665497;32.480522;134.947662;,
   -284.414948;-6.512600;134.443100;,
   -284.414948;-6.512600;134.443100;,
   -319.979584;-6.002087;182.317703;,
   -319.893127;31.029217;182.263260;,
   30.397095;31.658157;-340.601013;,
   -0.604843;31.658144;-418.047119;,
   -0.722000;50.534496;-418.051514;,
   20.252123;50.126431;-363.669678;,
   40.192108;39.641876;-320.975830;,
   37.174728;51.037952;-325.564453;,
   51.971542;48.293491;-306.079651;,
   50.505707;51.528160;-305.071960;,
   26.673264;42.548340;-273.185028;,
   -1.670166;68.942741;-370.885132;,
   13.834640;68.266449;-336.238403;,
   30.245806;68.165581;-309.132507;,
   25.245300;49.433971;-273.613708;,
   22.271164;42.074379;-265.027527;,
   -21.666885;49.337086;-362.850159;,
   -18.559158;67.735649;-330.632568;,
   -0.846451;69.894218;-305.205017;,
   13.189728;68.937515;-283.045715;,
   -32.294083;33.524498;-340.530884;,
   -42.416626;39.612610;-323.678772;,
   -52.360153;49.971767;-305.572083;,
   -33.045853;67.327873;-307.993408;,
   -14.382325;69.167068;-284.841431;,
   -0.604843;31.658144;-418.047119;,
   -51.776154;45.244095;-306.009033;,
   -29.303392;43.020176;-276.278473;,
   -25.863274;50.212864;-272.699585;,
   -0.475082;67.580193;-255.549561;,
   -0.217331;49.298782;-225.748169;,
   -0.208618;38.074520;-227.118164;,
   -23.961334;42.240250;-266.170593;,
   -0.208618;38.074520;-227.118164;,
   318.027588;50.347683;182.704620;,
   318.108154;32.480530;182.695526;,
   282.363342;32.480522;135.234497;,
   282.007874;49.669125;135.202332;,
   274.387939;69.825882;153.596634;,
   261.007996;50.484833;170.200089;,
   259.843201;32.480530;171.357330;,
   318.108154;32.480530;182.695526;,
   271.819397;40.887684;111.784218;,
   260.963989;50.457310;86.982277;,
   252.785080;67.355560;102.562614;,
   262.088074;67.720474;129.984528;,
   248.307526;68.242058;154.531509;,
   260.474731;49.194042;86.746254;,
   238.283188;44.490299;90.424385;,
   223.845016;50.624268;92.520256;,
   222.219574;69.159409;107.950684;,
   233.412064;69.754036;128.063065;,
   219.921951;68.187386;156.805450;,
   218.762909;42.359138;93.222359;,
   177.206070;49.647720;93.335693;,
   194.386765;64.587830;103.868279;,
   208.882980;68.929024;125.728615;,
   195.053207;49.792255;130.380249;,
   206.582108;51.836254;170.376343;,
   176.904312;36.526424;92.825249;,
   194.670639;42.359146;131.241394;,
   200.131851;44.490311;150.276917;,
   206.444077;49.194057;171.867416;,
   236.510391;40.887695;169.983337;,
   176.904312;36.526424;92.825249;,
   -196.417480;42.784328;132.045227;,
   -177.875275;36.526424;92.812386;,
   -178.165588;49.647720;92.799965;,
   -199.170853;50.624275;135.771057;,
   -201.619873;45.041245;150.272812;,
   -208.047195;50.457325;171.526367;,
   -208.270889;48.411137;172.426956;,
   -235.269684;40.598415;171.871490;,
   -193.843597;64.587830;102.402321;,
   -211.029922;69.159409;128.399292;,
   -219.433914;67.355568;158.276611;,
   -248.177017;67.720482;153.638901;,
   -261.689667;49.669132;170.366409;,
   -259.793060;32.736713;171.396225;,
   -219.455109;50.665436;94.192390;,
   -221.263031;68.929024;107.774384;,
   -234.006653;69.754036;129.759552;,
   -263.110870;67.898926;131.699127;,
   -274.787415;69.825882;155.603638;,
   -220.065079;42.359138;92.935524;,
   -239.585358;44.490299;90.137550;,
   -260.493378;51.836239;87.230568;,
   -254.052307;68.187378;105.136818;,
   -284.407074;50.921268;137.720551;,
   -177.875275;36.526424;92.812386;,
   -273.121582;40.887684;114.366974;,
   -283.665497;32.480522;134.947662;,
   -319.893127;31.029217;182.263260;,
   -319.944305;50.347683;182.297256;,
   -319.893127;31.029217;182.263260;,
   -261.776917;49.194042;86.459419;,
   211.977432;80.117920;-121.439949;,
   218.722717;81.028519;-128.149094;,
   211.028061;72.746933;-130.765091;,
   216.145172;82.140724;-131.709473;,
   217.942841;74.756027;-133.822418;,
   218.738998;80.850182;-134.572922;,
   221.394791;80.125122;-133.781265;,
   222.542465;73.981590;-132.222397;,
   222.276306;79.260635;-131.270401;,
   220.036743;83.724548;-133.998276;,
   224.365311;83.051849;-132.483841;,
   223.176453;83.999084;-131.423569;,
   222.276306;79.260635;-131.270401;,
   263.678101;98.934174;-153.202942;,
   261.585449;96.297867;-152.068054;,
   259.210571;103.548698;-151.361710;,
   264.126892;101.879738;-154.324646;,
   272.940857;98.136101;-158.913361;,
   267.272888;106.601456;-148.872559;,
   268.847473;100.663132;-146.712158;,
   263.678101;98.934174;-153.202942;,
   261.585449;96.297867;-152.068054;,
   256.631409;111.563560;-140.606628;,
   261.207520;112.255478;-136.912018;,
   268.056885;98.841034;-140.111374;,
   253.037613;106.556969;-146.377579;,
   260.443054;111.856560;-131.026978;,
   262.807617;106.556969;-124.511139;,
   270.909363;103.548706;-125.541634;,
   274.163574;106.601463;-133.450409;,
   273.664978;100.120163;-136.263123;,
   272.749451;96.297874;-127.081757;,
   274.990906;98.934181;-127.883522;,
   285.424500;98.077644;-130.973419;,
   276.125916;101.879745;-127.469360;,
   274.990906;98.934181;-127.883522;,
   272.749451;96.297874;-127.081757;,
   -15.009613;103.548767;272.000275;,
   -14.354080;96.297935;274.308533;,
   -14.536514;98.934250;276.682068;,
   -15.377579;101.879814;277.549408;,
   -9.116378;106.601532;278.197601;,
   -5.910599;111.563606;265.109833;,
   -12.645523;106.557030;264.182892;,
   -15.971589;97.602402;287.468567;,
   -8.443009;100.221359;280.663025;,
   -0.670609;96.249619;277.040771;,
   -0.670609;112.255539;267.780731;,
   -14.536514;98.934250;276.682068;,
   -14.354080;96.297935;274.308533;,
   13.668395;103.548767;272.000275;,
   11.304306;106.557030;264.182892;,
   4.569382;111.563606;265.109833;,
   7.775162;106.601532;278.197601;,
   14.036362;101.879814;277.549408;,
   13.195298;98.934250;276.682068;,
   13.012863;96.297935;274.308533;,
   7.101791;100.221359;280.663025;,
   14.630371;97.602402;287.468567;,
   13.012863;96.297935;274.308533;,
   13.195298;98.934250;276.682068;,
   -260.512726;103.548698;-151.648544;,
   -262.887634;96.297867;-152.354889;,
   -264.980286;98.934174;-153.489777;,
   -265.429047;101.879738;-154.611481;,
   -268.506592;106.601456;-149.083878;,
   -257.933563;111.563560;-140.893463;,
   -254.339783;106.556969;-146.664413;,
   -272.980957;98.418137;-158.519623;,
   -271.100647;100.397369;-149.550323;,
   -270.964142;96.249550;-140.976379;,
   -262.509674;112.255478;-137.198853;,
   -264.980286;98.934174;-153.489777;,
   -262.887634;96.297867;-152.354889;,
   -272.211517;103.548706;-125.828453;,
   -264.109802;106.556969;-124.797981;,
   -261.745239;111.856560;-131.313812;,
   -275.465729;106.601463;-133.737244;,
   -277.428070;101.879745;-127.756195;,
   -276.293091;98.934181;-128.170349;,
   -274.051605;96.297874;-127.368591;,
   -277.441956;100.589920;-135.357727;,
   -285.573181;98.348068;-130.490631;,
   -274.051605;96.297874;-127.368591;,
   -276.293091;98.934181;-128.170349;,
   281.996094;62.466599;-188.103912;,
   282.679077;65.220383;-182.089203;,
   277.306946;57.809959;-179.825455;,
   277.807251;54.773224;-192.769852;,
   280.409851;57.186222;-196.139481;,
   279.692139;49.099331;-202.918655;,
   274.283508;51.841625;-188.153976;,
   272.059387;54.910927;-199.974197;,
   274.475525;60.873043;-199.443573;,
   280.409851;57.186222;-196.139481;,
   279.343506;67.392700;-191.438843;,
   281.996094;62.466599;-188.103912;,
   271.617126;51.809380;-180.543839;,
   260.350220;52.554226;-177.701096;,
   264.104187;60.455532;-194.550262;,
   270.697327;69.187347;-195.110962;,
   274.704529;72.873901;-184.586670;,
   279.064758;71.889580;-178.159332;,
   282.679077;65.220383;-182.089203;,
   257.641663;62.626469;-187.228973;,
   267.081238;74.495888;-184.362518;,
   273.120361;74.875175;-177.451965;,
   252.925110;63.692039;-177.771667;,
   266.188477;75.561394;-176.697174;,
   256.826111;75.194473;-173.210663;,
   226.030746;43.818699;-216.080490;,
   248.911469;31.895630;-223.571655;,
   231.004639;31.458548;-243.087341;,
   248.482590;43.025311;-219.703201;,
   269.877136;36.922432;-220.701263;,
   270.780640;41.655479;-217.671066;,
   290.692139;40.544891;-230.214401;,
   292.340759;36.158901;-234.136551;,
   302.840271;36.140579;-207.945114;,
   240.485306;52.926735;-198.195755;,
   270.766357;51.523148;-198.823502;,
   284.943298;51.904903;-194.860733;,
   299.878418;41.710812;-207.067764;,
   317.634338;36.342152;-197.841690;,
   211.815414;54.344612;-183.499649;,
   233.133652;39.712883;-183.938431;,
   243.594833;39.593750;-187.000198;,
   264.431458;38.886501;-189.462387;,
   282.223389;39.032082;-185.052994;,
   209.965500;40.182110;-169.705887;,
   217.905975;38.945957;-148.885910;,
   196.945602;37.298386;-142.679855;,
   196.491318;36.476540;-116.289246;,
   197.735092;66.288681;-123.364571;,
   198.155380;63.371597;-145.701752;,
   266.554199;39.457191;-177.413528;,
   281.475830;40.283367;-178.231216;,
   294.962830;39.264301;-163.539383;,
   301.909607;39.187729;-163.451706;,
   315.696167;50.208405;-161.333969;,
   322.311707;42.956913;-188.004135;,
   328.201660;40.287460;-196.904282;,
   320.611450;49.326973;-164.046738;,
   230.785156;99.228111;-152.817184;,
   236.550140;91.190300;-149.247849;,
   238.768570;94.953285;-150.213608;,
   229.209900;88.256645;-150.684845;,
   233.678741;85.610977;-148.471649;,
   231.691757;80.314209;-154.239761;,
   227.524429;88.764587;-160.147064;,
   234.084763;83.261589;-160.436493;,
   226.872070;92.971123;-155.269730;,
   228.523773;94.386536;-165.943451;,
   234.358276;88.641861;-164.935394;,
   239.210007;88.053726;-162.578949;,
   237.147781;94.989159;-162.195221;,
   243.081390;90.318954;-160.436462;,
   229.676193;101.742317;-158.174957;,
   227.586975;100.483307;-157.924835;,
   232.812363;102.248169;-167.063354;,
   237.681030;100.844780;-173.913727;,
   235.353058;96.574570;-173.210052;,
   237.058838;93.702965;-172.199097;,
   242.512436;95.484039;-177.338043;,
   243.034210;94.777374;-176.322052;,
   238.403000;96.408760;-169.667480;,
   234.789124;100.574348;-163.095367;,
   235.166534;98.819206;-155.900604;,
   243.126480;94.655334;-154.864166;,
   238.768570;94.953285;-150.213608;,
   230.785156;99.228111;-152.817184;,
   239.178391;99.425240;-171.977081;,
   232.812363;102.248169;-167.063354;,
   229.676193;101.742317;-158.174957;,
   242.512436;95.484039;-177.338043;,
   237.681030;100.844780;-173.913727;,
   202.668503;36.476543;-102.463921;,
   206.516129;68.933266;-97.752419;,
   224.984573;58.686176;-83.129189;,
   220.455734;37.298397;-84.501991;,
   241.237167;38.945965;-96.667931;,
   251.448288;40.182125;-76.862633;,
   277.742432;39.712902;-84.098778;,
   258.662598;52.281738;-69.637215;,
   287.014404;53.563904;-76.524132;,
   287.002563;39.593765;-89.848610;,
   302.503296;39.720261;-104.253136;,
   294.944275;39.824574;-113.873253;,
   311.038513;39.032093;-120.129181;,
   304.334839;40.283375;-124.442802;,
   300.156677;42.076817;-55.408039;,
   314.388977;43.025333;-72.196983;,
   312.535278;51.583279;-102.726631;,
   320.487305;51.904915;-116.927887;,
   308.132324;39.187733;-149.524460;,
   302.882751;38.426315;-144.291306;,
   317.556763;31.895655;-69.935501;,
   329.406311;36.922455;-87.467949;,
   327.751953;41.655499;-90.162621;,
   322.862732;28.660730;-39.175343;,
   315.696167;50.208405;-161.333969;,
   340.605713;42.174969;-147.360077;,
   320.611450;49.326973;-164.046738;,
   349.677490;39.703354;-146.083694;,
   344.303345;36.210854;-139.859970;,
   339.266846;41.458733;-118.911858;,
   341.838135;36.140594;-119.070084;,
   351.051758;41.032036;-97.376183;,
   355.114563;36.158924;-96.033501;,
   348.201599;34.412453;-5.394123;,
   346.531067;47.080349;-7.441198;,
   366.311768;34.558907;-2.754429;,
   364.081848;28.008060;-0.489581;,
   350.801147;15.851992;9.902175;,
   361.472595;13.413311;11.520874;,
   359.872864;13.078278;20.362106;,
   349.170654;15.690171;20.623680;,
   350.471375;22.137081;20.806448;,
   373.938477;17.512703;9.105048;,
   374.991577;5.867262;18.304642;,
   370.269897;8.218202;23.311012;,
   373.136719;13.704968;22.994591;,
   361.977722;19.490459;20.546957;,
   380.398254;16.940710;13.755675;,
   385.554016;1.815868;26.650743;,
   380.398254;16.940710;13.755675;,
   363.580139;25.457699;17.612440;,
   354.802673;31.947550;15.430646;,
   364.548950;37.760712;1.525554;,
   346.531067;47.080349;-7.441198;,
   366.311768;34.558907;-2.754429;,
   287.982605;62.362553;-102.714104;,
   294.166626;75.561401;-114.078697;,
   285.323242;71.811195;-109.430832;,
   296.061462;62.422203;-100.305916;,
   300.472168;74.682877;-109.629608;,
   299.353699;74.875183;-118.738724;,
   305.725281;72.873909;-115.158539;,
   303.846558;71.889587;-122.694717;,
   291.019348;52.554237;-109.059952;,
   306.042297;59.872318;-100.537453;,
   310.670532;69.187363;-104.859123;,
   313.924438;67.392708;-114.042625;,
   309.185303;65.220390;-122.765137;,
   313.209961;62.466610;-118.243530;,
   318.137390;57.186234;-111.700798;,
   312.523560;52.661049;-110.801216;,
   314.847351;54.872704;-102.731956;,
   316.639404;60.873055;-105.075920;,
   322.463257;49.099346;-106.178413;,
   300.653870;50.802750;-112.145828;,
   303.914917;57.809963;-119.516197;,
   313.891052;54.773228;-112.010216;,
   313.209961;62.466610;-118.243530;,
   318.137390;57.186234;-111.700798;,
   309.185303;65.220390;-122.765137;,
   253.386566;98.843399;-104.135956;,
   256.763672;94.719925;-111.065826;,
   254.162949;90.399109;-109.286041;,
   250.500992;89.233925;-103.710129;,
   252.952621;93.635529;-98.619614;,
   256.188965;101.901382;-98.950623;,
   255.443283;99.646935;-96.414154;,
   261.351746;94.360420;-93.323318;,
   264.722717;102.248184;-95.644241;,
   251.983612;85.673302;-109.487938;,
   256.635864;79.580978;-103.270897;,
   256.308228;88.768196;-96.258484;,
   261.789734;83.242592;-101.017975;,
   265.561768;89.381889;-96.815384;,
   271.587830;92.854416;-95.126465;,
   270.996460;96.574585;-93.075516;,
   273.073792;100.844795;-94.700546;,
   265.650696;88.053734;-103.401733;,
   263.053467;95.394661;-103.899002;,
   270.725037;96.408775;-98.442688;,
   279.036560;94.150787;-96.546387;,
   279.238892;95.878265;-95.915771;,
   265.869751;90.318962;-107.714973;,
   262.516846;94.655342;-111.466301;,
   257.978210;98.819214;-104.845398;,
   263.846619;100.594734;-98.944046;,
   272.640869;99.224480;-97.112335;,
   279.238892;95.878265;-95.915771;,
   256.763672;94.719925;-111.065826;,
   253.386566;98.843399;-104.135956;,
   256.188965;101.901382;-98.950623;,
   264.722717;102.248184;-95.644241;,
   273.073792;100.844795;-94.700546;,
   -33.283447;57.810036;299.985657;,
   -33.158752;65.220459;305.813934;,
   -38.928864;62.466682;307.643982;,
   -44.897781;54.773300;305.723022;,
   -42.120850;51.841705;300.622742;,
   -36.260406;51.809456;295.083862;,
   -38.261215;52.554298;283.637421;,
   -46.912521;57.186298;309.473724;,
   -53.394791;49.099415;311.583923;,
   -53.820114;54.911007;303.414001;,
   -52.113266;60.455608;293.938232;,
   -48.065109;61.764423;285.051239;,
   -42.816208;62.265690;278.276123;,
   -34.962921;75.561470;288.558228;,
   -35.598923;75.194550;278.588074;,
   -52.350021;60.873119;305.403503;,
   -49.935604;69.187431;300.186584;,
   -41.597275;74.495964;292.500305;,
   -32.824265;74.875252;295.195068;,
   -38.692154;72.873978;299.551910;,
   -31.045181;71.889656;300.910889;,
   -46.912521;57.186298;309.473724;,
   -43.055801;67.392776;306.582581;,
   -38.928864;62.466682;307.643982;,
   -33.158752;65.220459;305.813934;,
   -22.455688;94.719986;253.179855;,
   -22.090820;90.399170;250.079361;,
   -27.274979;98.844742;247.427963;,
   -26.697983;89.233986;244.643173;,
   -32.966675;93.297958;244.932175;,
   -33.149700;101.575134;248.189575;,
   -34.460693;100.445038;246.129196;,
   -40.509445;94.386604;249.783112;,
   -39.782501;102.248238;254.155579;,
   -21.991318;86.500732;248.399277;,
   -28.765701;80.429382;248.194260;,
   -36.217575;89.093895;247.682404;,
   -34.581375;83.203728;253.387161;,
   -38.590714;89.440994;255.683197;,
   -42.859634;93.152359;260.507904;,
   -44.358032;96.574638;258.982666;,
   -44.050827;100.844849;261.395203;,
   -33.078384;88.053795;258.167358;,
   -33.120148;94.989227;257.132996;,
   -39.676086;96.408829;260.777283;,
   -44.797974;94.150841;267.592224;,
   -45.456268;95.878319;267.519714;,
   -29.542986;90.319023;260.828003;,
   -28.630417;98.819275;251.751175;,
   -35.353271;100.574417;254.341660;,
   -41.552399;99.425308;262.239532;,
   -45.456268;95.878319;267.519714;,
   -24.436966;94.655403;258.595947;,
   -22.455688;94.719986;253.179855;,
   -27.274979;98.844742;247.427963;,
   -33.149700;101.575134;248.189575;,
   -39.782501;102.248238;254.155579;,
   -44.050827;100.844849;261.395203;,
   41.474991;62.265690;278.276123;,
   34.257706;75.194550;278.588074;,
   33.621704;75.561470;288.558228;,
   46.723892;61.764423;285.051239;,
   36.919998;52.554298;283.637421;,
   50.772049;60.455608;293.938232;,
   44.102554;52.661114;303.981293;,
   34.919189;52.354259;295.083862;,
   31.942230;57.810036;299.985657;,
   40.256058;74.495964;292.500305;,
   48.594391;69.187431;300.186584;,
   51.008804;60.873119;305.403503;,
   52.478897;54.911007;303.414001;,
   31.483046;74.875252;295.195068;,
   37.350937;72.873978;299.551910;,
   41.714584;67.392776;306.582581;,
   45.571304;57.186298;309.473724;,
   52.053574;49.099415;311.583923;,
   43.556564;54.773300;305.723022;,
   29.703964;71.889656;300.910889;,
   31.817535;65.220459;305.813934;,
   37.587646;62.466682;307.643982;,
   45.571304;57.186298;309.473724;,
   37.587646;62.466682;307.643982;,
   31.817535;65.220459;305.813934;,
   20.567001;91.397270;250.555466;,
   21.114471;94.719986;253.179855;,
   25.933762;98.844742;247.427963;,
   25.356766;89.233986;244.643173;,
   20.802994;85.919037;248.614868;,
   27.424482;80.429382;248.194260;,
   34.876358;89.093895;247.682404;,
   33.240158;83.203728;253.387161;,
   31.625460;93.297958;244.932175;,
   39.168228;94.386604;249.783112;,
   37.249496;89.440994;255.683197;,
   31.737167;88.053795;258.167358;,
   31.778931;94.989227;257.132996;,
   28.201765;90.319023;260.828003;,
   31.808487;101.575134;248.189575;,
   33.119476;100.445038;246.129196;,
   38.441284;102.248238;254.155579;,
   42.709610;100.844849;261.395203;,
   43.016815;96.574638;258.982666;,
   41.518417;93.152359;260.507904;,
   38.334869;96.408829;260.777283;,
   34.012054;100.574417;254.341660;,
   27.289200;98.819275;251.751175;,
   23.095749;94.655403;258.595947;,
   44.115051;95.878319;267.519714;,
   43.456757;94.150841;267.592224;,
   44.115051;95.878319;267.519714;,
   40.211182;99.425308;262.239532;,
